 bcc-hcp, rho =   4.27103669999999991E-002 , nx,ny,nz =            4           6           4
         384
   20.389530235652664     
   21.626362642257213     
   20.389530235652664     
   0.0000000000000000        0.0000000000000000        0.0000000000000000     1
  0.12500000000000000       8.33333333333333287E-002   0.0000000000000000     1
  0.12500000000000000        0.0000000000000000       0.12500000000000000     1
   0.0000000000000000       8.33333333333333287E-002  0.12500000000000000     1
   0.0000000000000000        0.0000000000000000       0.25000000000000000     1
  0.12500000000000000       8.33333333333333287E-002  0.25000000000000000     1
  0.12500000000000000        0.0000000000000000       0.37500000000000000     1
   0.0000000000000000       8.33333333333333287E-002  0.37500000000000000     1
   0.0000000000000000        0.0000000000000000       0.50000000000000000     1
  0.12500000000000000       8.33333333333333287E-002  0.50000000000000000     1
  0.12500000000000000        0.0000000000000000       0.62500000000000000     1
   0.0000000000000000       8.33333333333333287E-002  0.62500000000000000     1
   0.0000000000000000        0.0000000000000000       0.75000000000000000     1
  0.12500000000000000       8.33333333333333287E-002  0.75000000000000000     1
  0.12500000000000000        0.0000000000000000       0.87500000000000000     1
   0.0000000000000000       8.33333333333333287E-002  0.87500000000000000     1
   0.0000000000000000       0.16666666666666666        0.0000000000000000     1
  0.12500000000000000       0.25000000000000000        0.0000000000000000     1
  0.12500000000000000       0.16666666666666666       0.12500000000000000     1
   0.0000000000000000       0.25000000000000000       0.12500000000000000     1
   0.0000000000000000       0.16666666666666666       0.25000000000000000     1
  0.12500000000000000       0.25000000000000000       0.25000000000000000     1
  0.12500000000000000       0.16666666666666666       0.37500000000000000     1
   0.0000000000000000       0.25000000000000000       0.37500000000000000     1
   0.0000000000000000       0.16666666666666666       0.50000000000000000     1
  0.12500000000000000       0.25000000000000000       0.50000000000000000     1
  0.12500000000000000       0.16666666666666666       0.62500000000000000     1
   0.0000000000000000       0.25000000000000000       0.62500000000000000     1
   0.0000000000000000       0.16666666666666666       0.75000000000000000     1
  0.12500000000000000       0.25000000000000000       0.75000000000000000     1
  0.12500000000000000       0.16666666666666666       0.87500000000000000     1
   0.0000000000000000       0.25000000000000000       0.87500000000000000     1
   0.0000000000000000       0.33333333333333331        0.0000000000000000     1
  0.12500000000000000       0.41666666666666669        0.0000000000000000     1
  0.12500000000000000       0.33333333333333331       0.12500000000000000     1
   0.0000000000000000       0.41666666666666669       0.12500000000000000     1
   0.0000000000000000       0.33333333333333331       0.25000000000000000     1
  0.12500000000000000       0.41666666666666669       0.25000000000000000     1
  0.12500000000000000       0.33333333333333331       0.37500000000000000     1
   0.0000000000000000       0.41666666666666669       0.37500000000000000     1
   0.0000000000000000       0.33333333333333331       0.50000000000000000     1
  0.12500000000000000       0.41666666666666669       0.50000000000000000     1
  0.12500000000000000       0.33333333333333331       0.62500000000000000     1
   0.0000000000000000       0.41666666666666669       0.62500000000000000     1
   0.0000000000000000       0.33333333333333331       0.75000000000000000     1
  0.12500000000000000       0.41666666666666669       0.75000000000000000     1
  0.12500000000000000       0.33333333333333331       0.87500000000000000     1
   0.0000000000000000       0.41666666666666669       0.87500000000000000     1
   0.0000000000000000       0.50000000000000000        0.0000000000000000     1
  0.12500000000000000       0.58333333333333337        0.0000000000000000     1
  0.12500000000000000       0.50000000000000000       0.12500000000000000     1
   0.0000000000000000       0.58333333333333337       0.12500000000000000     1
   0.0000000000000000       0.50000000000000000       0.25000000000000000     1
  0.12500000000000000       0.58333333333333337       0.25000000000000000     1
  0.12500000000000000       0.50000000000000000       0.37500000000000000     1
   0.0000000000000000       0.58333333333333337       0.37500000000000000     1
   0.0000000000000000       0.50000000000000000       0.50000000000000000     1
  0.12500000000000000       0.58333333333333337       0.50000000000000000     1
  0.12500000000000000       0.50000000000000000       0.62500000000000000     1
   0.0000000000000000       0.58333333333333337       0.62500000000000000     1
   0.0000000000000000       0.50000000000000000       0.75000000000000000     1
  0.12500000000000000       0.58333333333333337       0.75000000000000000     1
  0.12500000000000000       0.50000000000000000       0.87500000000000000     1
   0.0000000000000000       0.58333333333333337       0.87500000000000000     1
   0.0000000000000000       0.66666666666666663        0.0000000000000000     1
  0.12500000000000000       0.74999999999999989        0.0000000000000000     1
  0.12500000000000000       0.66666666666666663       0.12500000000000000     1
   0.0000000000000000       0.74999999999999989       0.12500000000000000     1
   0.0000000000000000       0.66666666666666663       0.25000000000000000     1
  0.12500000000000000       0.74999999999999989       0.25000000000000000     1
  0.12500000000000000       0.66666666666666663       0.37500000000000000     1
   0.0000000000000000       0.74999999999999989       0.37500000000000000     1
   0.0000000000000000       0.66666666666666663       0.50000000000000000     1
  0.12500000000000000       0.74999999999999989       0.50000000000000000     1
  0.12500000000000000       0.66666666666666663       0.62500000000000000     1
   0.0000000000000000       0.74999999999999989       0.62500000000000000     1
   0.0000000000000000       0.66666666666666663       0.75000000000000000     1
  0.12500000000000000       0.74999999999999989       0.75000000000000000     1
  0.12500000000000000       0.66666666666666663       0.87500000000000000     1
   0.0000000000000000       0.74999999999999989       0.87500000000000000     1
   0.0000000000000000       0.83333333333333337        0.0000000000000000     1
  0.12500000000000000       0.91666666666666674        0.0000000000000000     1
  0.12500000000000000       0.83333333333333337       0.12500000000000000     1
   0.0000000000000000       0.91666666666666674       0.12500000000000000     1
   0.0000000000000000       0.83333333333333337       0.25000000000000000     1
  0.12500000000000000       0.91666666666666674       0.25000000000000000     1
  0.12500000000000000       0.83333333333333337       0.37500000000000000     1
   0.0000000000000000       0.91666666666666674       0.37500000000000000     1
   0.0000000000000000       0.83333333333333337       0.50000000000000000     1
  0.12500000000000000       0.91666666666666674       0.50000000000000000     1
  0.12500000000000000       0.83333333333333337       0.62500000000000000     1
   0.0000000000000000       0.91666666666666674       0.62500000000000000     1
   0.0000000000000000       0.83333333333333337       0.75000000000000000     1
  0.12500000000000000       0.91666666666666674       0.75000000000000000     1
  0.12500000000000000       0.83333333333333337       0.87500000000000000     1
   0.0000000000000000       0.91666666666666674       0.87500000000000000     1
  0.25000000000000000        0.0000000000000000        0.0000000000000000     1
  0.37500000000000000       8.33333333333333287E-002   0.0000000000000000     1
  0.37500000000000000        0.0000000000000000       0.12500000000000000     1
  0.25000000000000000       8.33333333333333287E-002  0.12500000000000000     1
  0.25000000000000000        0.0000000000000000       0.25000000000000000     1
  0.37500000000000000       8.33333333333333287E-002  0.25000000000000000     1
  0.37500000000000000        0.0000000000000000       0.37500000000000000     1
  0.25000000000000000       8.33333333333333287E-002  0.37500000000000000     1
  0.25000000000000000        0.0000000000000000       0.50000000000000000     1
  0.37500000000000000       8.33333333333333287E-002  0.50000000000000000     1
  0.37500000000000000        0.0000000000000000       0.62500000000000000     1
  0.25000000000000000       8.33333333333333287E-002  0.62500000000000000     1
  0.25000000000000000        0.0000000000000000       0.75000000000000000     1
  0.37500000000000000       8.33333333333333287E-002  0.75000000000000000     1
  0.37500000000000000        0.0000000000000000       0.87500000000000000     1
  0.25000000000000000       8.33333333333333287E-002  0.87500000000000000     1
  0.25000000000000000       0.16666666666666666        0.0000000000000000     1
  0.37500000000000000       0.25000000000000000        0.0000000000000000     1
  0.37500000000000000       0.16666666666666666       0.12500000000000000     1
  0.25000000000000000       0.25000000000000000       0.12500000000000000     1
  0.25000000000000000       0.16666666666666666       0.25000000000000000     1
  0.37500000000000000       0.25000000000000000       0.25000000000000000     1
  0.37500000000000000       0.16666666666666666       0.37500000000000000     1
  0.25000000000000000       0.25000000000000000       0.37500000000000000     1
  0.25000000000000000       0.16666666666666666       0.50000000000000000     1
  0.37500000000000000       0.25000000000000000       0.50000000000000000     1
  0.37500000000000000       0.16666666666666666       0.62500000000000000     1
  0.25000000000000000       0.25000000000000000       0.62500000000000000     1
  0.25000000000000000       0.16666666666666666       0.75000000000000000     1
  0.37500000000000000       0.25000000000000000       0.75000000000000000     1
  0.37500000000000000       0.16666666666666666       0.87500000000000000     1
  0.25000000000000000       0.25000000000000000       0.87500000000000000     1
  0.25000000000000000       0.33333333333333331        0.0000000000000000     1
  0.37500000000000000       0.41666666666666669        0.0000000000000000     1
  0.37500000000000000       0.33333333333333331       0.12500000000000000     1
  0.25000000000000000       0.41666666666666669       0.12500000000000000     1
  0.25000000000000000       0.33333333333333331       0.25000000000000000     1
  0.37500000000000000       0.41666666666666669       0.25000000000000000     1
  0.37500000000000000       0.33333333333333331       0.37500000000000000     1
  0.25000000000000000       0.41666666666666669       0.37500000000000000     1
  0.25000000000000000       0.33333333333333331       0.50000000000000000     1
  0.37500000000000000       0.41666666666666669       0.50000000000000000     1
  0.37500000000000000       0.33333333333333331       0.62500000000000000     1
  0.25000000000000000       0.41666666666666669       0.62500000000000000     1
  0.25000000000000000       0.33333333333333331       0.75000000000000000     1
  0.37500000000000000       0.41666666666666669       0.75000000000000000     1
  0.37500000000000000       0.33333333333333331       0.87500000000000000     1
  0.25000000000000000       0.41666666666666669       0.87500000000000000     1
  0.25000000000000000       0.50000000000000000        0.0000000000000000     1
  0.37500000000000000       0.58333333333333337        0.0000000000000000     1
  0.37500000000000000       0.50000000000000000       0.12500000000000000     1
  0.25000000000000000       0.58333333333333337       0.12500000000000000     1
  0.25000000000000000       0.50000000000000000       0.25000000000000000     1
  0.37500000000000000       0.58333333333333337       0.25000000000000000     1
  0.37500000000000000       0.50000000000000000       0.37500000000000000     1
  0.25000000000000000       0.58333333333333337       0.37500000000000000     1
  0.25000000000000000       0.50000000000000000       0.50000000000000000     1
  0.37500000000000000       0.58333333333333337       0.50000000000000000     1
  0.37500000000000000       0.50000000000000000       0.62500000000000000     1
  0.25000000000000000       0.58333333333333337       0.62500000000000000     1
  0.25000000000000000       0.50000000000000000       0.75000000000000000     1
  0.37500000000000000       0.58333333333333337       0.75000000000000000     1
  0.37500000000000000       0.50000000000000000       0.87500000000000000     1
  0.25000000000000000       0.58333333333333337       0.87500000000000000     1
  0.25000000000000000       0.66666666666666663        0.0000000000000000     1
  0.37500000000000000       0.74999999999999989        0.0000000000000000     1
  0.37500000000000000       0.66666666666666663       0.12500000000000000     1
  0.25000000000000000       0.74999999999999989       0.12500000000000000     1
  0.25000000000000000       0.66666666666666663       0.25000000000000000     1
  0.37500000000000000       0.74999999999999989       0.25000000000000000     1
  0.37500000000000000       0.66666666666666663       0.37500000000000000     1
  0.25000000000000000       0.74999999999999989       0.37500000000000000     1
  0.25000000000000000       0.66666666666666663       0.50000000000000000     1
  0.37500000000000000       0.74999999999999989       0.50000000000000000     1
  0.37500000000000000       0.66666666666666663       0.62500000000000000     1
  0.25000000000000000       0.74999999999999989       0.62500000000000000     1
  0.25000000000000000       0.66666666666666663       0.75000000000000000     1
  0.37500000000000000       0.74999999999999989       0.75000000000000000     1
  0.37500000000000000       0.66666666666666663       0.87500000000000000     1
  0.25000000000000000       0.74999999999999989       0.87500000000000000     1
  0.25000000000000000       0.83333333333333337        0.0000000000000000     1
  0.37500000000000000       0.91666666666666674        0.0000000000000000     1
  0.37500000000000000       0.83333333333333337       0.12500000000000000     1
  0.25000000000000000       0.91666666666666674       0.12500000000000000     1
  0.25000000000000000       0.83333333333333337       0.25000000000000000     1
  0.37500000000000000       0.91666666666666674       0.25000000000000000     1
  0.37500000000000000       0.83333333333333337       0.37500000000000000     1
  0.25000000000000000       0.91666666666666674       0.37500000000000000     1
  0.25000000000000000       0.83333333333333337       0.50000000000000000     1
  0.37500000000000000       0.91666666666666674       0.50000000000000000     1
  0.37500000000000000       0.83333333333333337       0.62500000000000000     1
  0.25000000000000000       0.91666666666666674       0.62500000000000000     1
  0.25000000000000000       0.83333333333333337       0.75000000000000000     1
  0.37500000000000000       0.91666666666666674       0.75000000000000000     1
  0.37500000000000000       0.83333333333333337       0.87500000000000000     1
  0.25000000000000000       0.91666666666666674       0.87500000000000000     1
  0.50000000000000000        0.0000000000000000        0.0000000000000000     1
  0.62500000000000000       8.33333333333333287E-002   0.0000000000000000     1
  0.62500000000000000        0.0000000000000000       0.12500000000000000     1
  0.50000000000000000       8.33333333333333287E-002  0.12500000000000000     1
  0.50000000000000000        0.0000000000000000       0.25000000000000000     1
  0.62500000000000000       8.33333333333333287E-002  0.25000000000000000     1
  0.62500000000000000        0.0000000000000000       0.37500000000000000     1
  0.50000000000000000       8.33333333333333287E-002  0.37500000000000000     1
  0.50000000000000000        0.0000000000000000       0.50000000000000000     1
  0.62500000000000000       8.33333333333333287E-002  0.50000000000000000     1
  0.62500000000000000        0.0000000000000000       0.62500000000000000     1
  0.50000000000000000       8.33333333333333287E-002  0.62500000000000000     1
  0.50000000000000000        0.0000000000000000       0.75000000000000000     1
  0.62500000000000000       8.33333333333333287E-002  0.75000000000000000     1
  0.62500000000000000        0.0000000000000000       0.87500000000000000     1
  0.50000000000000000       8.33333333333333287E-002  0.87500000000000000     1
  0.50000000000000000       0.16666666666666666        0.0000000000000000     1
  0.62500000000000000       0.25000000000000000        0.0000000000000000     1
  0.62500000000000000       0.16666666666666666       0.12500000000000000     1
  0.50000000000000000       0.25000000000000000       0.12500000000000000     1
  0.50000000000000000       0.16666666666666666       0.25000000000000000     1
  0.62500000000000000       0.25000000000000000       0.25000000000000000     1
  0.62500000000000000       0.16666666666666666       0.37500000000000000     1
  0.50000000000000000       0.25000000000000000       0.37500000000000000     1
  0.50000000000000000       0.16666666666666666       0.50000000000000000     1
  0.62500000000000000       0.25000000000000000       0.50000000000000000     1
  0.62500000000000000       0.16666666666666666       0.62500000000000000     1
  0.50000000000000000       0.25000000000000000       0.62500000000000000     1
  0.50000000000000000       0.16666666666666666       0.75000000000000000     1
  0.62500000000000000       0.25000000000000000       0.75000000000000000     1
  0.62500000000000000       0.16666666666666666       0.87500000000000000     1
  0.50000000000000000       0.25000000000000000       0.87500000000000000     1
  0.50000000000000000       0.33333333333333331        0.0000000000000000     1
  0.62500000000000000       0.41666666666666669        0.0000000000000000     1
  0.62500000000000000       0.33333333333333331       0.12500000000000000     1
  0.50000000000000000       0.41666666666666669       0.12500000000000000     1
  0.50000000000000000       0.33333333333333331       0.25000000000000000     1
  0.62500000000000000       0.41666666666666669       0.25000000000000000     1
  0.62500000000000000       0.33333333333333331       0.37500000000000000     1
  0.50000000000000000       0.41666666666666669       0.37500000000000000     1
  0.50000000000000000       0.33333333333333331       0.50000000000000000     1
  0.62500000000000000       0.41666666666666669       0.50000000000000000     1
  0.62500000000000000       0.33333333333333331       0.62500000000000000     1
  0.50000000000000000       0.41666666666666669       0.62500000000000000     1
  0.50000000000000000       0.33333333333333331       0.75000000000000000     1
  0.62500000000000000       0.41666666666666669       0.75000000000000000     1
  0.62500000000000000       0.33333333333333331       0.87500000000000000     1
  0.50000000000000000       0.41666666666666669       0.87500000000000000     1
  0.50000000000000000       0.50000000000000000        0.0000000000000000     1
  0.62500000000000000       0.58333333333333337        0.0000000000000000     1
  0.62500000000000000       0.50000000000000000       0.12500000000000000     1
  0.50000000000000000       0.58333333333333337       0.12500000000000000     1
  0.50000000000000000       0.50000000000000000       0.25000000000000000     1
  0.62500000000000000       0.58333333333333337       0.25000000000000000     1
  0.62500000000000000       0.50000000000000000       0.37500000000000000     1
  0.50000000000000000       0.58333333333333337       0.37500000000000000     1
  0.50000000000000000       0.50000000000000000       0.50000000000000000     1
  0.62500000000000000       0.58333333333333337       0.50000000000000000     1
  0.62500000000000000       0.50000000000000000       0.62500000000000000     1
  0.50000000000000000       0.58333333333333337       0.62500000000000000     1
  0.50000000000000000       0.50000000000000000       0.75000000000000000     1
  0.62500000000000000       0.58333333333333337       0.75000000000000000     1
  0.62500000000000000       0.50000000000000000       0.87500000000000000     1
  0.50000000000000000       0.58333333333333337       0.87500000000000000     1
  0.50000000000000000       0.66666666666666663        0.0000000000000000     1
  0.62500000000000000       0.74999999999999989        0.0000000000000000     1
  0.62500000000000000       0.66666666666666663       0.12500000000000000     1
  0.50000000000000000       0.74999999999999989       0.12500000000000000     1
  0.50000000000000000       0.66666666666666663       0.25000000000000000     1
  0.62500000000000000       0.74999999999999989       0.25000000000000000     1
  0.62500000000000000       0.66666666666666663       0.37500000000000000     1
  0.50000000000000000       0.74999999999999989       0.37500000000000000     1
  0.50000000000000000       0.66666666666666663       0.50000000000000000     1
  0.62500000000000000       0.74999999999999989       0.50000000000000000     1
  0.62500000000000000       0.66666666666666663       0.62500000000000000     1
  0.50000000000000000       0.74999999999999989       0.62500000000000000     1
  0.50000000000000000       0.66666666666666663       0.75000000000000000     1
  0.62500000000000000       0.74999999999999989       0.75000000000000000     1
  0.62500000000000000       0.66666666666666663       0.87500000000000000     1
  0.50000000000000000       0.74999999999999989       0.87500000000000000     1
  0.50000000000000000       0.83333333333333337        0.0000000000000000     1
  0.62500000000000000       0.91666666666666674        0.0000000000000000     1
  0.62500000000000000       0.83333333333333337       0.12500000000000000     1
  0.50000000000000000       0.91666666666666674       0.12500000000000000     1
  0.50000000000000000       0.83333333333333337       0.25000000000000000     1
  0.62500000000000000       0.91666666666666674       0.25000000000000000     1
  0.62500000000000000       0.83333333333333337       0.37500000000000000     1
  0.50000000000000000       0.91666666666666674       0.37500000000000000     1
  0.50000000000000000       0.83333333333333337       0.50000000000000000     1
  0.62500000000000000       0.91666666666666674       0.50000000000000000     1
  0.62500000000000000       0.83333333333333337       0.62500000000000000     1
  0.50000000000000000       0.91666666666666674       0.62500000000000000     1
  0.50000000000000000       0.83333333333333337       0.75000000000000000     1
  0.62500000000000000       0.91666666666666674       0.75000000000000000     1
  0.62500000000000000       0.83333333333333337       0.87500000000000000     1
  0.50000000000000000       0.91666666666666674       0.87500000000000000     1
  0.75000000000000000        0.0000000000000000        0.0000000000000000     1
  0.87500000000000000       8.33333333333333287E-002   0.0000000000000000     1
  0.87500000000000000        0.0000000000000000       0.12500000000000000     1
  0.75000000000000000       8.33333333333333287E-002  0.12500000000000000     1
  0.75000000000000000        0.0000000000000000       0.25000000000000000     1
  0.87500000000000000       8.33333333333333287E-002  0.25000000000000000     1
  0.87500000000000000        0.0000000000000000       0.37500000000000000     1
  0.75000000000000000       8.33333333333333287E-002  0.37500000000000000     1
  0.75000000000000000        0.0000000000000000       0.50000000000000000     1
  0.87500000000000000       8.33333333333333287E-002  0.50000000000000000     1
  0.87500000000000000        0.0000000000000000       0.62500000000000000     1
  0.75000000000000000       8.33333333333333287E-002  0.62500000000000000     1
  0.75000000000000000        0.0000000000000000       0.75000000000000000     1
  0.87500000000000000       8.33333333333333287E-002  0.75000000000000000     1
  0.87500000000000000        0.0000000000000000       0.87500000000000000     1
  0.75000000000000000       8.33333333333333287E-002  0.87500000000000000     1
  0.75000000000000000       0.16666666666666666        0.0000000000000000     1
  0.87500000000000000       0.25000000000000000        0.0000000000000000     1
  0.87500000000000000       0.16666666666666666       0.12500000000000000     1
  0.75000000000000000       0.25000000000000000       0.12500000000000000     1
  0.75000000000000000       0.16666666666666666       0.25000000000000000     1
  0.87500000000000000       0.25000000000000000       0.25000000000000000     1
  0.87500000000000000       0.16666666666666666       0.37500000000000000     1
  0.75000000000000000       0.25000000000000000       0.37500000000000000     1
  0.75000000000000000       0.16666666666666666       0.50000000000000000     1
  0.87500000000000000       0.25000000000000000       0.50000000000000000     1
  0.87500000000000000       0.16666666666666666       0.62500000000000000     1
  0.75000000000000000       0.25000000000000000       0.62500000000000000     1
  0.75000000000000000       0.16666666666666666       0.75000000000000000     1
  0.87500000000000000       0.25000000000000000       0.75000000000000000     1
  0.87500000000000000       0.16666666666666666       0.87500000000000000     1
  0.75000000000000000       0.25000000000000000       0.87500000000000000     1
  0.75000000000000000       0.33333333333333331        0.0000000000000000     1
  0.87500000000000000       0.41666666666666669        0.0000000000000000     1
  0.87500000000000000       0.33333333333333331       0.12500000000000000     1
  0.75000000000000000       0.41666666666666669       0.12500000000000000     1
  0.75000000000000000       0.33333333333333331       0.25000000000000000     1
  0.87500000000000000       0.41666666666666669       0.25000000000000000     1
  0.87500000000000000       0.33333333333333331       0.37500000000000000     1
  0.75000000000000000       0.41666666666666669       0.37500000000000000     1
  0.75000000000000000       0.33333333333333331       0.50000000000000000     1
  0.87500000000000000       0.41666666666666669       0.50000000000000000     1
  0.87500000000000000       0.33333333333333331       0.62500000000000000     1
  0.75000000000000000       0.41666666666666669       0.62500000000000000     1
  0.75000000000000000       0.33333333333333331       0.75000000000000000     1
  0.87500000000000000       0.41666666666666669       0.75000000000000000     1
  0.87500000000000000       0.33333333333333331       0.87500000000000000     1
  0.75000000000000000       0.41666666666666669       0.87500000000000000     1
  0.75000000000000000       0.50000000000000000        0.0000000000000000     1
  0.87500000000000000       0.58333333333333337        0.0000000000000000     1
  0.87500000000000000       0.50000000000000000       0.12500000000000000     1
  0.75000000000000000       0.58333333333333337       0.12500000000000000     1
  0.75000000000000000       0.50000000000000000       0.25000000000000000     1
  0.87500000000000000       0.58333333333333337       0.25000000000000000     1
  0.87500000000000000       0.50000000000000000       0.37500000000000000     1
  0.75000000000000000       0.58333333333333337       0.37500000000000000     1
  0.75000000000000000       0.50000000000000000       0.50000000000000000     1
  0.87500000000000000       0.58333333333333337       0.50000000000000000     1
  0.87500000000000000       0.50000000000000000       0.62500000000000000     1
  0.75000000000000000       0.58333333333333337       0.62500000000000000     1
  0.75000000000000000       0.50000000000000000       0.75000000000000000     1
  0.87500000000000000       0.58333333333333337       0.75000000000000000     1
  0.87500000000000000       0.50000000000000000       0.87500000000000000     1
  0.75000000000000000       0.58333333333333337       0.87500000000000000     1
  0.75000000000000000       0.66666666666666663        0.0000000000000000     1
  0.87500000000000000       0.74999999999999989        0.0000000000000000     1
  0.87500000000000000       0.66666666666666663       0.12500000000000000     1
  0.75000000000000000       0.74999999999999989       0.12500000000000000     1
  0.75000000000000000       0.66666666666666663       0.25000000000000000     1
  0.87500000000000000       0.74999999999999989       0.25000000000000000     1
  0.87500000000000000       0.66666666666666663       0.37500000000000000     1
  0.75000000000000000       0.74999999999999989       0.37500000000000000     1
  0.75000000000000000       0.66666666666666663       0.50000000000000000     1
  0.87500000000000000       0.74999999999999989       0.50000000000000000     1
  0.87500000000000000       0.66666666666666663       0.62500000000000000     1
  0.75000000000000000       0.74999999999999989       0.62500000000000000     1
  0.75000000000000000       0.66666666666666663       0.75000000000000000     1
  0.87500000000000000       0.74999999999999989       0.75000000000000000     1
  0.87500000000000000       0.66666666666666663       0.87500000000000000     1
  0.75000000000000000       0.74999999999999989       0.87500000000000000     1
  0.75000000000000000       0.83333333333333337        0.0000000000000000     1
  0.87500000000000000       0.91666666666666674        0.0000000000000000     1
  0.87500000000000000       0.83333333333333337       0.12500000000000000     1
  0.75000000000000000       0.91666666666666674       0.12500000000000000     1
  0.75000000000000000       0.83333333333333337       0.25000000000000000     1
  0.87500000000000000       0.91666666666666674       0.25000000000000000     1
  0.87500000000000000       0.83333333333333337       0.37500000000000000     1
  0.75000000000000000       0.91666666666666674       0.37500000000000000     1
  0.75000000000000000       0.83333333333333337       0.50000000000000000     1
  0.87500000000000000       0.91666666666666674       0.50000000000000000     1
  0.87500000000000000       0.83333333333333337       0.62500000000000000     1
  0.75000000000000000       0.91666666666666674       0.62500000000000000     1
  0.75000000000000000       0.83333333333333337       0.75000000000000000     1
  0.87500000000000000       0.91666666666666674       0.75000000000000000     1
  0.87500000000000000       0.83333333333333337       0.87500000000000000     1
  0.75000000000000000       0.91666666666666674       0.87500000000000000     1
   22.247498366480684     
   19.266898756025075     
   20.975142612500171     
   0.0000000000000000        0.0000000000000000        0.0000000000000000     1
  0.12500000000000000       8.33333333333333287E-002   0.0000000000000000     1
  8.33333333333333287E-002   0.0000000000000000       0.12500000000000000     1
  0.20833333333333331       8.33333333333333287E-002  0.12500000000000000     1
   0.0000000000000000        0.0000000000000000       0.25000000000000000     1
  0.12500000000000000       8.33333333333333287E-002  0.25000000000000000     1
  8.33333333333333287E-002   0.0000000000000000       0.37500000000000000     1
  0.20833333333333331       8.33333333333333287E-002  0.37500000000000000     1
   0.0000000000000000        0.0000000000000000       0.50000000000000000     1
  0.12500000000000000       8.33333333333333287E-002  0.50000000000000000     1
  8.33333333333333287E-002   0.0000000000000000       0.62500000000000000     1
  0.20833333333333331       8.33333333333333287E-002  0.62500000000000000     1
   0.0000000000000000        0.0000000000000000       0.75000000000000000     1
  0.12500000000000000       8.33333333333333287E-002  0.75000000000000000     1
  8.33333333333333287E-002   0.0000000000000000       0.87500000000000000     1
  0.20833333333333331       8.33333333333333287E-002  0.87500000000000000     1
   0.0000000000000000       0.16666666666666666        0.0000000000000000     1
  0.12500000000000000       0.25000000000000000        0.0000000000000000     1
  8.33333333333333287E-002  0.16666666666666666       0.12500000000000000     1
  0.20833333333333331       0.25000000000000000       0.12500000000000000     1
   0.0000000000000000       0.16666666666666666       0.25000000000000000     1
  0.12500000000000000       0.25000000000000000       0.25000000000000000     1
  8.33333333333333287E-002  0.16666666666666666       0.37500000000000000     1
  0.20833333333333331       0.25000000000000000       0.37500000000000000     1
   0.0000000000000000       0.16666666666666666       0.50000000000000000     1
  0.12500000000000000       0.25000000000000000       0.50000000000000000     1
  8.33333333333333287E-002  0.16666666666666666       0.62500000000000000     1
  0.20833333333333331       0.25000000000000000       0.62500000000000000     1
   0.0000000000000000       0.16666666666666666       0.75000000000000000     1
  0.12500000000000000       0.25000000000000000       0.75000000000000000     1
  8.33333333333333287E-002  0.16666666666666666       0.87500000000000000     1
  0.20833333333333331       0.25000000000000000       0.87500000000000000     1
   0.0000000000000000       0.33333333333333331        0.0000000000000000     1
  0.12500000000000000       0.41666666666666669        0.0000000000000000     1
  8.33333333333333287E-002  0.33333333333333331       0.12500000000000000     1
  0.20833333333333331       0.41666666666666669       0.12500000000000000     1
   0.0000000000000000       0.33333333333333331       0.25000000000000000     1
  0.12500000000000000       0.41666666666666669       0.25000000000000000     1
  8.33333333333333287E-002  0.33333333333333331       0.37500000000000000     1
  0.20833333333333331       0.41666666666666669       0.37500000000000000     1
   0.0000000000000000       0.33333333333333331       0.50000000000000000     1
  0.12500000000000000       0.41666666666666669       0.50000000000000000     1
  8.33333333333333287E-002  0.33333333333333331       0.62500000000000000     1
  0.20833333333333331       0.41666666666666669       0.62500000000000000     1
   0.0000000000000000       0.33333333333333331       0.75000000000000000     1
  0.12500000000000000       0.41666666666666669       0.75000000000000000     1
  8.33333333333333287E-002  0.33333333333333331       0.87500000000000000     1
  0.20833333333333331       0.41666666666666669       0.87500000000000000     1
   0.0000000000000000       0.50000000000000000        0.0000000000000000     1
  0.12500000000000000       0.58333333333333337        0.0000000000000000     1
  8.33333333333333287E-002  0.50000000000000000       0.12500000000000000     1
  0.20833333333333331       0.58333333333333337       0.12500000000000000     1
   0.0000000000000000       0.50000000000000000       0.25000000000000000     1
  0.12500000000000000       0.58333333333333337       0.25000000000000000     1
  8.33333333333333287E-002  0.50000000000000000       0.37500000000000000     1
  0.20833333333333331       0.58333333333333337       0.37500000000000000     1
   0.0000000000000000       0.50000000000000000       0.50000000000000000     1
  0.12500000000000000       0.58333333333333337       0.50000000000000000     1
  8.33333333333333287E-002  0.50000000000000000       0.62500000000000000     1
  0.20833333333333331       0.58333333333333337       0.62500000000000000     1
   0.0000000000000000       0.50000000000000000       0.75000000000000000     1
  0.12500000000000000       0.58333333333333337       0.75000000000000000     1
  8.33333333333333287E-002  0.50000000000000000       0.87500000000000000     1
  0.20833333333333331       0.58333333333333337       0.87500000000000000     1
   0.0000000000000000       0.66666666666666663        0.0000000000000000     1
  0.12500000000000000       0.75000000000000000        0.0000000000000000     1
  8.33333333333333287E-002  0.66666666666666663       0.12500000000000000     1
  0.20833333333333331       0.75000000000000000       0.12500000000000000     1
   0.0000000000000000       0.66666666666666663       0.25000000000000000     1
  0.12500000000000000       0.75000000000000000       0.25000000000000000     1
  8.33333333333333287E-002  0.66666666666666663       0.37500000000000000     1
  0.20833333333333331       0.75000000000000000       0.37500000000000000     1
   0.0000000000000000       0.66666666666666663       0.50000000000000000     1
  0.12500000000000000       0.75000000000000000       0.50000000000000000     1
  8.33333333333333287E-002  0.66666666666666663       0.62500000000000000     1
  0.20833333333333331       0.75000000000000000       0.62500000000000000     1
   0.0000000000000000       0.66666666666666663       0.75000000000000000     1
  0.12500000000000000       0.75000000000000000       0.75000000000000000     1
  8.33333333333333287E-002  0.66666666666666663       0.87500000000000000     1
  0.20833333333333331       0.75000000000000000       0.87500000000000000     1
   0.0000000000000000       0.83333333333333337        0.0000000000000000     1
  0.12500000000000000       0.91666666666666663        0.0000000000000000     1
  8.33333333333333287E-002  0.83333333333333337       0.12500000000000000     1
  0.20833333333333331       0.91666666666666663       0.12500000000000000     1
   0.0000000000000000       0.83333333333333337       0.25000000000000000     1
  0.12500000000000000       0.91666666666666663       0.25000000000000000     1
  8.33333333333333287E-002  0.83333333333333337       0.37500000000000000     1
  0.20833333333333331       0.91666666666666663       0.37500000000000000     1
   0.0000000000000000       0.83333333333333337       0.50000000000000000     1
  0.12500000000000000       0.91666666666666663       0.50000000000000000     1
  8.33333333333333287E-002  0.83333333333333337       0.62500000000000000     1
  0.20833333333333331       0.91666666666666663       0.62500000000000000     1
   0.0000000000000000       0.83333333333333337       0.75000000000000000     1
  0.12500000000000000       0.91666666666666663       0.75000000000000000     1
  8.33333333333333287E-002  0.83333333333333337       0.87500000000000000     1
  0.20833333333333331       0.91666666666666663       0.87500000000000000     1
  0.25000000000000000        0.0000000000000000        0.0000000000000000     1
  0.37500000000000000       8.33333333333333287E-002   0.0000000000000000     1
  0.33333333333333331        0.0000000000000000       0.12500000000000000     1
  0.45833333333333337       8.33333333333333287E-002  0.12500000000000000     1
  0.25000000000000000        0.0000000000000000       0.25000000000000000     1
  0.37500000000000000       8.33333333333333287E-002  0.25000000000000000     1
  0.33333333333333331        0.0000000000000000       0.37500000000000000     1
  0.45833333333333337       8.33333333333333287E-002  0.37500000000000000     1
  0.25000000000000000        0.0000000000000000       0.50000000000000000     1
  0.37500000000000000       8.33333333333333287E-002  0.50000000000000000     1
  0.33333333333333331        0.0000000000000000       0.62500000000000000     1
  0.45833333333333337       8.33333333333333287E-002  0.62500000000000000     1
  0.25000000000000000        0.0000000000000000       0.75000000000000000     1
  0.37500000000000000       8.33333333333333287E-002  0.75000000000000000     1
  0.33333333333333331        0.0000000000000000       0.87500000000000000     1
  0.45833333333333337       8.33333333333333287E-002  0.87500000000000000     1
  0.25000000000000000       0.16666666666666666        0.0000000000000000     1
  0.37500000000000000       0.25000000000000000        0.0000000000000000     1
  0.33333333333333331       0.16666666666666666       0.12500000000000000     1
  0.45833333333333337       0.25000000000000000       0.12500000000000000     1
  0.25000000000000000       0.16666666666666666       0.25000000000000000     1
  0.37500000000000000       0.25000000000000000       0.25000000000000000     1
  0.33333333333333331       0.16666666666666666       0.37500000000000000     1
  0.45833333333333337       0.25000000000000000       0.37500000000000000     1
  0.25000000000000000       0.16666666666666666       0.50000000000000000     1
  0.37500000000000000       0.25000000000000000       0.50000000000000000     1
  0.33333333333333331       0.16666666666666666       0.62500000000000000     1
  0.45833333333333337       0.25000000000000000       0.62500000000000000     1
  0.25000000000000000       0.16666666666666666       0.75000000000000000     1
  0.37500000000000000       0.25000000000000000       0.75000000000000000     1
  0.33333333333333331       0.16666666666666666       0.87500000000000000     1
  0.45833333333333337       0.25000000000000000       0.87500000000000000     1
  0.25000000000000000       0.33333333333333331        0.0000000000000000     1
  0.37500000000000000       0.41666666666666669        0.0000000000000000     1
  0.33333333333333331       0.33333333333333331       0.12500000000000000     1
  0.45833333333333337       0.41666666666666669       0.12500000000000000     1
  0.25000000000000000       0.33333333333333331       0.25000000000000000     1
  0.37500000000000000       0.41666666666666669       0.25000000000000000     1
  0.33333333333333331       0.33333333333333331       0.37500000000000000     1
  0.45833333333333337       0.41666666666666669       0.37500000000000000     1
  0.25000000000000000       0.33333333333333331       0.50000000000000000     1
  0.37500000000000000       0.41666666666666669       0.50000000000000000     1
  0.33333333333333331       0.33333333333333331       0.62500000000000000     1
  0.45833333333333337       0.41666666666666669       0.62500000000000000     1
  0.25000000000000000       0.33333333333333331       0.75000000000000000     1
  0.37500000000000000       0.41666666666666669       0.75000000000000000     1
  0.33333333333333331       0.33333333333333331       0.87500000000000000     1
  0.45833333333333337       0.41666666666666669       0.87500000000000000     1
  0.25000000000000000       0.50000000000000000        0.0000000000000000     1
  0.37500000000000000       0.58333333333333337        0.0000000000000000     1
  0.33333333333333331       0.50000000000000000       0.12500000000000000     1
  0.45833333333333337       0.58333333333333337       0.12500000000000000     1
  0.25000000000000000       0.50000000000000000       0.25000000000000000     1
  0.37500000000000000       0.58333333333333337       0.25000000000000000     1
  0.33333333333333331       0.50000000000000000       0.37500000000000000     1
  0.45833333333333337       0.58333333333333337       0.37500000000000000     1
  0.25000000000000000       0.50000000000000000       0.50000000000000000     1
  0.37500000000000000       0.58333333333333337       0.50000000000000000     1
  0.33333333333333331       0.50000000000000000       0.62500000000000000     1
  0.45833333333333337       0.58333333333333337       0.62500000000000000     1
  0.25000000000000000       0.50000000000000000       0.75000000000000000     1
  0.37500000000000000       0.58333333333333337       0.75000000000000000     1
  0.33333333333333331       0.50000000000000000       0.87500000000000000     1
  0.45833333333333337       0.58333333333333337       0.87500000000000000     1
  0.25000000000000000       0.66666666666666663        0.0000000000000000     1
  0.37500000000000000       0.75000000000000000        0.0000000000000000     1
  0.33333333333333331       0.66666666666666663       0.12500000000000000     1
  0.45833333333333337       0.75000000000000000       0.12500000000000000     1
  0.25000000000000000       0.66666666666666663       0.25000000000000000     1
  0.37500000000000000       0.75000000000000000       0.25000000000000000     1
  0.33333333333333331       0.66666666666666663       0.37500000000000000     1
  0.45833333333333337       0.75000000000000000       0.37500000000000000     1
  0.25000000000000000       0.66666666666666663       0.50000000000000000     1
  0.37500000000000000       0.75000000000000000       0.50000000000000000     1
  0.33333333333333331       0.66666666666666663       0.62500000000000000     1
  0.45833333333333337       0.75000000000000000       0.62500000000000000     1
  0.25000000000000000       0.66666666666666663       0.75000000000000000     1
  0.37500000000000000       0.75000000000000000       0.75000000000000000     1
  0.33333333333333331       0.66666666666666663       0.87500000000000000     1
  0.45833333333333337       0.75000000000000000       0.87500000000000000     1
  0.25000000000000000       0.83333333333333337        0.0000000000000000     1
  0.37500000000000000       0.91666666666666663        0.0000000000000000     1
  0.33333333333333331       0.83333333333333337       0.12500000000000000     1
  0.45833333333333337       0.91666666666666663       0.12500000000000000     1
  0.25000000000000000       0.83333333333333337       0.25000000000000000     1
  0.37500000000000000       0.91666666666666663       0.25000000000000000     1
  0.33333333333333331       0.83333333333333337       0.37500000000000000     1
  0.45833333333333337       0.91666666666666663       0.37500000000000000     1
  0.25000000000000000       0.83333333333333337       0.50000000000000000     1
  0.37500000000000000       0.91666666666666663       0.50000000000000000     1
  0.33333333333333331       0.83333333333333337       0.62500000000000000     1
  0.45833333333333337       0.91666666666666663       0.62500000000000000     1
  0.25000000000000000       0.83333333333333337       0.75000000000000000     1
  0.37500000000000000       0.91666666666666663       0.75000000000000000     1
  0.33333333333333331       0.83333333333333337       0.87500000000000000     1
  0.45833333333333337       0.91666666666666663       0.87500000000000000     1
  0.50000000000000000        0.0000000000000000        0.0000000000000000     1
  0.62500000000000000       8.33333333333333287E-002   0.0000000000000000     1
  0.58333333333333337        0.0000000000000000       0.12500000000000000     1
  0.70833333333333337       8.33333333333333287E-002  0.12500000000000000     1
  0.50000000000000000        0.0000000000000000       0.25000000000000000     1
  0.62500000000000000       8.33333333333333287E-002  0.25000000000000000     1
  0.58333333333333337        0.0000000000000000       0.37500000000000000     1
  0.70833333333333337       8.33333333333333287E-002  0.37500000000000000     1
  0.50000000000000000        0.0000000000000000       0.50000000000000000     1
  0.62500000000000000       8.33333333333333287E-002  0.50000000000000000     1
  0.58333333333333337        0.0000000000000000       0.62500000000000000     1
  0.70833333333333337       8.33333333333333287E-002  0.62500000000000000     1
  0.50000000000000000        0.0000000000000000       0.75000000000000000     1
  0.62500000000000000       8.33333333333333287E-002  0.75000000000000000     1
  0.58333333333333337        0.0000000000000000       0.87500000000000000     1
  0.70833333333333337       8.33333333333333287E-002  0.87500000000000000     1
  0.50000000000000000       0.16666666666666666        0.0000000000000000     1
  0.62500000000000000       0.25000000000000000        0.0000000000000000     1
  0.58333333333333337       0.16666666666666666       0.12500000000000000     1
  0.70833333333333337       0.25000000000000000       0.12500000000000000     1
  0.50000000000000000       0.16666666666666666       0.25000000000000000     1
  0.62500000000000000       0.25000000000000000       0.25000000000000000     1
  0.58333333333333337       0.16666666666666666       0.37500000000000000     1
  0.70833333333333337       0.25000000000000000       0.37500000000000000     1
  0.50000000000000000       0.16666666666666666       0.50000000000000000     1
  0.62500000000000000       0.25000000000000000       0.50000000000000000     1
  0.58333333333333337       0.16666666666666666       0.62500000000000000     1
  0.70833333333333337       0.25000000000000000       0.62500000000000000     1
  0.50000000000000000       0.16666666666666666       0.75000000000000000     1
  0.62500000000000000       0.25000000000000000       0.75000000000000000     1
  0.58333333333333337       0.16666666666666666       0.87500000000000000     1
  0.70833333333333337       0.25000000000000000       0.87500000000000000     1
  0.50000000000000000       0.33333333333333331        0.0000000000000000     1
  0.62500000000000000       0.41666666666666669        0.0000000000000000     1
  0.58333333333333337       0.33333333333333331       0.12500000000000000     1
  0.70833333333333337       0.41666666666666669       0.12500000000000000     1
  0.50000000000000000       0.33333333333333331       0.25000000000000000     1
  0.62500000000000000       0.41666666666666669       0.25000000000000000     1
  0.58333333333333337       0.33333333333333331       0.37500000000000000     1
  0.70833333333333337       0.41666666666666669       0.37500000000000000     1
  0.50000000000000000       0.33333333333333331       0.50000000000000000     1
  0.62500000000000000       0.41666666666666669       0.50000000000000000     1
  0.58333333333333337       0.33333333333333331       0.62500000000000000     1
  0.70833333333333337       0.41666666666666669       0.62500000000000000     1
  0.50000000000000000       0.33333333333333331       0.75000000000000000     1
  0.62500000000000000       0.41666666666666669       0.75000000000000000     1
  0.58333333333333337       0.33333333333333331       0.87500000000000000     1
  0.70833333333333337       0.41666666666666669       0.87500000000000000     1
  0.50000000000000000       0.50000000000000000        0.0000000000000000     1
  0.62500000000000000       0.58333333333333337        0.0000000000000000     1
  0.58333333333333337       0.50000000000000000       0.12500000000000000     1
  0.70833333333333337       0.58333333333333337       0.12500000000000000     1
  0.50000000000000000       0.50000000000000000       0.25000000000000000     1
  0.62500000000000000       0.58333333333333337       0.25000000000000000     1
  0.58333333333333337       0.50000000000000000       0.37500000000000000     1
  0.70833333333333337       0.58333333333333337       0.37500000000000000     1
  0.50000000000000000       0.50000000000000000       0.50000000000000000     1
  0.62500000000000000       0.58333333333333337       0.50000000000000000     1
  0.58333333333333337       0.50000000000000000       0.62500000000000000     1
  0.70833333333333337       0.58333333333333337       0.62500000000000000     1
  0.50000000000000000       0.50000000000000000       0.75000000000000000     1
  0.62500000000000000       0.58333333333333337       0.75000000000000000     1
  0.58333333333333337       0.50000000000000000       0.87500000000000000     1
  0.70833333333333337       0.58333333333333337       0.87500000000000000     1
  0.50000000000000000       0.66666666666666663        0.0000000000000000     1
  0.62500000000000000       0.75000000000000000        0.0000000000000000     1
  0.58333333333333337       0.66666666666666663       0.12500000000000000     1
  0.70833333333333337       0.75000000000000000       0.12500000000000000     1
  0.50000000000000000       0.66666666666666663       0.25000000000000000     1
  0.62500000000000000       0.75000000000000000       0.25000000000000000     1
  0.58333333333333337       0.66666666666666663       0.37500000000000000     1
  0.70833333333333337       0.75000000000000000       0.37500000000000000     1
  0.50000000000000000       0.66666666666666663       0.50000000000000000     1
  0.62500000000000000       0.75000000000000000       0.50000000000000000     1
  0.58333333333333337       0.66666666666666663       0.62500000000000000     1
  0.70833333333333337       0.75000000000000000       0.62500000000000000     1
  0.50000000000000000       0.66666666666666663       0.75000000000000000     1
  0.62500000000000000       0.75000000000000000       0.75000000000000000     1
  0.58333333333333337       0.66666666666666663       0.87500000000000000     1
  0.70833333333333337       0.75000000000000000       0.87500000000000000     1
  0.50000000000000000       0.83333333333333337        0.0000000000000000     1
  0.62500000000000000       0.91666666666666663        0.0000000000000000     1
  0.58333333333333337       0.83333333333333337       0.12500000000000000     1
  0.70833333333333337       0.91666666666666663       0.12500000000000000     1
  0.50000000000000000       0.83333333333333337       0.25000000000000000     1
  0.62500000000000000       0.91666666666666663       0.25000000000000000     1
  0.58333333333333337       0.83333333333333337       0.37500000000000000     1
  0.70833333333333337       0.91666666666666663       0.37500000000000000     1
  0.50000000000000000       0.83333333333333337       0.50000000000000000     1
  0.62500000000000000       0.91666666666666663       0.50000000000000000     1
  0.58333333333333337       0.83333333333333337       0.62500000000000000     1
  0.70833333333333337       0.91666666666666663       0.62500000000000000     1
  0.50000000000000000       0.83333333333333337       0.75000000000000000     1
  0.62500000000000000       0.91666666666666663       0.75000000000000000     1
  0.58333333333333337       0.83333333333333337       0.87500000000000000     1
  0.70833333333333337       0.91666666666666663       0.87500000000000000     1
  0.75000000000000000        0.0000000000000000        0.0000000000000000     1
  0.87500000000000011       8.33333333333333287E-002   0.0000000000000000     1
  0.83333333333333326        0.0000000000000000       0.12500000000000000     1
  0.95833333333333337       8.33333333333333287E-002  0.12500000000000000     1
  0.75000000000000000        0.0000000000000000       0.25000000000000000     1
  0.87500000000000011       8.33333333333333287E-002  0.25000000000000000     1
  0.83333333333333326        0.0000000000000000       0.37500000000000000     1
  0.95833333333333337       8.33333333333333287E-002  0.37500000000000000     1
  0.75000000000000000        0.0000000000000000       0.50000000000000000     1
  0.87500000000000011       8.33333333333333287E-002  0.50000000000000000     1
  0.83333333333333326        0.0000000000000000       0.62500000000000000     1
  0.95833333333333337       8.33333333333333287E-002  0.62500000000000000     1
  0.75000000000000000        0.0000000000000000       0.75000000000000000     1
  0.87500000000000011       8.33333333333333287E-002  0.75000000000000000     1
  0.83333333333333326        0.0000000000000000       0.87500000000000000     1
  0.95833333333333337       8.33333333333333287E-002  0.87500000000000000     1
  0.75000000000000000       0.16666666666666666        0.0000000000000000     1
  0.87500000000000011       0.25000000000000000        0.0000000000000000     1
  0.83333333333333326       0.16666666666666666       0.12500000000000000     1
  0.95833333333333337       0.25000000000000000       0.12500000000000000     1
  0.75000000000000000       0.16666666666666666       0.25000000000000000     1
  0.87500000000000011       0.25000000000000000       0.25000000000000000     1
  0.83333333333333326       0.16666666666666666       0.37500000000000000     1
  0.95833333333333337       0.25000000000000000       0.37500000000000000     1
  0.75000000000000000       0.16666666666666666       0.50000000000000000     1
  0.87500000000000011       0.25000000000000000       0.50000000000000000     1
  0.83333333333333326       0.16666666666666666       0.62500000000000000     1
  0.95833333333333337       0.25000000000000000       0.62500000000000000     1
  0.75000000000000000       0.16666666666666666       0.75000000000000000     1
  0.87500000000000011       0.25000000000000000       0.75000000000000000     1
  0.83333333333333326       0.16666666666666666       0.87500000000000000     1
  0.95833333333333337       0.25000000000000000       0.87500000000000000     1
  0.75000000000000000       0.33333333333333331        0.0000000000000000     1
  0.87500000000000011       0.41666666666666669        0.0000000000000000     1
  0.83333333333333326       0.33333333333333331       0.12500000000000000     1
  0.95833333333333337       0.41666666666666669       0.12500000000000000     1
  0.75000000000000000       0.33333333333333331       0.25000000000000000     1
  0.87500000000000011       0.41666666666666669       0.25000000000000000     1
  0.83333333333333326       0.33333333333333331       0.37500000000000000     1
  0.95833333333333337       0.41666666666666669       0.37500000000000000     1
  0.75000000000000000       0.33333333333333331       0.50000000000000000     1
  0.87500000000000011       0.41666666666666669       0.50000000000000000     1
  0.83333333333333326       0.33333333333333331       0.62500000000000000     1
  0.95833333333333337       0.41666666666666669       0.62500000000000000     1
  0.75000000000000000       0.33333333333333331       0.75000000000000000     1
  0.87500000000000011       0.41666666666666669       0.75000000000000000     1
  0.83333333333333326       0.33333333333333331       0.87500000000000000     1
  0.95833333333333337       0.41666666666666669       0.87500000000000000     1
  0.75000000000000000       0.50000000000000000        0.0000000000000000     1
  0.87500000000000011       0.58333333333333337        0.0000000000000000     1
  0.83333333333333326       0.50000000000000000       0.12500000000000000     1
  0.95833333333333337       0.58333333333333337       0.12500000000000000     1
  0.75000000000000000       0.50000000000000000       0.25000000000000000     1
  0.87500000000000011       0.58333333333333337       0.25000000000000000     1
  0.83333333333333326       0.50000000000000000       0.37500000000000000     1
  0.95833333333333337       0.58333333333333337       0.37500000000000000     1
  0.75000000000000000       0.50000000000000000       0.50000000000000000     1
  0.87500000000000011       0.58333333333333337       0.50000000000000000     1
  0.83333333333333326       0.50000000000000000       0.62500000000000000     1
  0.95833333333333337       0.58333333333333337       0.62500000000000000     1
  0.75000000000000000       0.50000000000000000       0.75000000000000000     1
  0.87500000000000011       0.58333333333333337       0.75000000000000000     1
  0.83333333333333326       0.50000000000000000       0.87500000000000000     1
  0.95833333333333337       0.58333333333333337       0.87500000000000000     1
  0.75000000000000000       0.66666666666666663        0.0000000000000000     1
  0.87500000000000011       0.75000000000000000        0.0000000000000000     1
  0.83333333333333326       0.66666666666666663       0.12500000000000000     1
  0.95833333333333337       0.75000000000000000       0.12500000000000000     1
  0.75000000000000000       0.66666666666666663       0.25000000000000000     1
  0.87500000000000011       0.75000000000000000       0.25000000000000000     1
  0.83333333333333326       0.66666666666666663       0.37500000000000000     1
  0.95833333333333337       0.75000000000000000       0.37500000000000000     1
  0.75000000000000000       0.66666666666666663       0.50000000000000000     1
  0.87500000000000011       0.75000000000000000       0.50000000000000000     1
  0.83333333333333326       0.66666666666666663       0.62500000000000000     1
  0.95833333333333337       0.75000000000000000       0.62500000000000000     1
  0.75000000000000000       0.66666666666666663       0.75000000000000000     1
  0.87500000000000011       0.75000000000000000       0.75000000000000000     1
  0.83333333333333326       0.66666666666666663       0.87500000000000000     1
  0.95833333333333337       0.75000000000000000       0.87500000000000000     1
  0.75000000000000000       0.83333333333333337        0.0000000000000000     1
  0.87500000000000011       0.91666666666666663        0.0000000000000000     1
  0.83333333333333326       0.83333333333333337       0.12500000000000000     1
  0.95833333333333337       0.91666666666666663       0.12500000000000000     1
  0.75000000000000000       0.83333333333333337       0.25000000000000000     1
  0.87500000000000011       0.91666666666666663       0.25000000000000000     1
  0.83333333333333326       0.83333333333333337       0.37500000000000000     1
  0.95833333333333337       0.91666666666666663       0.37500000000000000     1
  0.75000000000000000       0.83333333333333337       0.50000000000000000     1
  0.87500000000000011       0.91666666666666663       0.50000000000000000     1
  0.83333333333333326       0.83333333333333337       0.62500000000000000     1
  0.95833333333333337       0.91666666666666663       0.62500000000000000     1
  0.75000000000000000       0.83333333333333337       0.75000000000000000     1
  0.87500000000000011       0.91666666666666663       0.75000000000000000     1
  0.83333333333333326       0.83333333333333337       0.87500000000000000     1
  0.95833333333333337       0.91666666666666663       0.87500000000000000     1
