1 18.528488576042946
2 13.839929617399775
3 9.7789214329222887
4 6.6498979195816901
5 3.2200816175122782
6 -0.30033804403592512
7 -4.7942871381405894
8 -6.8901089968899214
9 -8.9144427826417996
10 -10.563426070625610
11 -11.770072563921985
12 -14.949825647470334
13 -15.421148981141414
14 -17.832341293228183
15 -18.428852842071137
16 -21.698344035815353
17 -22.762531693669644
18 -24.634627417944102
19 -25.291379529243841
20 -28.316041672254869
21 -27.983652178319517
22 -29.781225173099301
23 -27.924638040935406
24 -28.319999523494971
25 -28.852657581017411
26 -30.482950096595687
27 -32.913608169519648
28 -28.288266175735771
29 -28.337190651143828
30 -28.155981836245246
31 -29.469345481540586
32 -32.362087221686124
33 -35.042256426126642
34 -37.338246204177722
35 -36.904367744019510
36 -35.132147893437377
37 -34.487633678472321
38 -34.940657315649787
39 -33.489985245640582
40 -32.757297567161004
41 -33.933681379341579
42 -37.471833708605573
43 -41.244195082324950
44 -41.390265837256720
45 -39.802177998151365
46 -36.604692263616471
47 -39.370848679602659
48 -41.507244741638715
49 -36.444186054954571
50 -36.830302461562496
51 -34.710873793758765
52 -35.573229200756032
53 -32.889844864218958
54 -32.129176279707735
55 -31.981294573731248
56 -33.815568457791414
57 -32.998620452254727
58 -30.327159981063687
59 -32.679328920518856
60 -30.820124325415691
61 -32.608927137001956
62 -33.245802340659793
63 -32.717333282665095
64 -33.668323206245987
65 -29.282766769357295
66 -30.455376043924844
67 -37.216843468605020
68 -37.258938766779465
69 -34.323504894380676
70 -37.349632489747364
71 -40.749036135417100
72 -42.185149827351324
73 -43.626096354856600
74 -42.746369081323337
75 -44.527000729239717
76 -47.260043342082554
77 -46.986798262781576
78 -40.757275845259755
79 -40.725786228744710
80 -42.488108295338861
81 -45.753831386559796
82 -42.247638614738207
83 -44.206411224781277
84 -44.472439824933645
85 -45.399861961767783
86 -46.689186415777840
87 -44.561771050422067
88 -43.349150133199601
89 -44.480246501629608
90 -44.606785744781519
91 -41.647371288030627
92 -38.730506499553485
93 -41.671670532656663
94 -40.987243483023121
95 -38.843285923705025
96 -36.266920415338973
97 -35.559850359825305
98 -35.237467843699960
99 -34.183627493176573
100 -31.851499705253445
101 -34.436072257844899
102 -31.964455853074469
103 -31.021965230872866
104 -34.196528359856984
105 -34.793550465237786
106 -36.762868673498360
107 -41.923795351123317
108 -43.342556435017741
109 -46.535981653057206
110 -46.626864202181878
111 -46.598238891955589
112 -45.695599510089323
113 -43.131016702380748
114 -43.567038088717254
115 -40.937309891444784
116 -37.718491939521755
117 -40.860598420952101
118 -44.139578906350835
119 -47.002794566364173
120 -49.840535180778261
121 -57.277472501647026
122 -54.291010270418610
123 -55.295817187374723
124 -58.961344412694416
125 -53.290645736778060
126 -53.369516493406081
127 -62.013529397750517
128 -60.143835415180092
129 -59.058159579256426
130 -60.487010817220835
131 -60.672179468126160
132 -59.442079440806083
133 -60.267507961996671
134 -62.863314574270589
135 -59.393865049887154
136 -57.366053402487069
137 -59.921958269786046
138 -58.939171344507940
139 -65.299196196688627
140 -68.955864694979482
141 -71.645998658846565
142 -65.416801343120824
143 -63.007554787871413
144 -68.368393780533552
145 -61.573014905277432
146 -61.517976727203404
147 -65.096816486246553
148 -60.219769204008117
149 -58.166680666645789
150 -62.884366895245421
151 -61.938887145804074
152 -62.797526930567074
153 -61.228224876496824
154 -58.042713339695638
155 -59.997910329265324
156 -63.848728697902970
157 -60.909240210531607
158 -53.136288044582216
159 -55.881414260562906
160 -56.756882071726977
161 -61.498035516388427
162 -61.460112789653977
163 -58.213650887455515
164 -59.841008632487501
165 -51.832476549092007
166 -48.527814317899356
167 -47.163959550804066
168 -43.882325625806970
169 -47.136721461039087
170 -46.359701468528783
171 -44.079178750275332
172 -42.905173391817243
173 -41.268155589299113
174 -40.038303769819777
175 -37.286771653675714
176 -36.401301486204375
177 -36.661152853107524
178 -33.774353273137876
179 -37.772569149448373
180 -41.373058356728961
181 -41.566889144898596
182 -43.344834676421669
183 -42.653727836118378
184 -39.023649062725781
185 -40.324246922026305
186 -41.994354058657791
187 -39.857694820862434
188 -42.011674852426040
189 -46.628479341369712
190 -43.162726056882093
191 -43.552485420947050
192 -47.868227449493133
193 -49.282558066823185
194 -42.678014916226857
195 -45.369217118512552
196 -43.405095429712219
197 -45.038086547926014
198 -48.132329896220654
199 -44.116458572176271
200 -45.422649332878791
201 -44.247135177940436
202 -43.000763210808145
203 -40.400406682579160
204 -42.626079777104223
205 -43.375953349433530
206 -41.410488455249833
207 -40.430472644445217
208 -40.492648832117538
209 -41.565725179416859
210 -45.265366988684036
211 -46.279514469512833
212 -48.646920291331753
213 -44.041742335169602
214 -40.382382641299955
215 -36.196362567090546
216 -37.067469221015926
217 -38.435345711230639
218 -39.099229831164394
219 -38.361778561501524
220 -40.408032944039405
221 -38.073208695068843
222 -41.994882751823297
223 -46.640123878301438
224 -43.418279539323976
225 -37.038629686709100
226 -36.546078659905561
227 -37.417383992334180
228 -40.420637775092928
229 -40.598822998464129
230 -37.524604533231468
231 -41.549862021273384
232 -39.737419891884201
233 -40.687508777009498
234 -39.901313179641420
235 -44.101997070569723
236 -48.059059372035335
237 -52.237574185288395
238 -52.011305036490285
239 -52.762516192330622
240 -54.382922234071884
241 -55.701847275890941
242 -61.324411812352082
243 -64.493385076028972
244 -59.161234329406398
245 -56.219770114314542
246 -49.500273843538253
247 -51.347961955352730
248 -47.645630728921333
249 -45.681417221404445
250 -42.837430993040925
251 -41.303885609902864
252 -39.096276431007936
253 -37.291333756700624
254 -34.131992569853537
255 -35.554974986998786
256 -39.418654523304212
257 -42.704365599144239
258 -43.438839542444839
259 -47.559588363910734
260 -41.904370121945703
261 -42.131239887742595
262 -39.047463756202433
263 -39.846383514425725
264 -40.712161240211572
265 -42.472623581914831
266 -44.945568711738815
267 -47.846131530648563
268 -48.735186388882994
269 -49.891777862201252
270 -46.023624586896858
271 -47.769385948435684
272 -49.782013843807363
273 -51.429113921738463
274 -48.798015961389865
275 -46.005804551989058
276 -47.947450748030860
277 -46.459676959197168
278 -50.818752021838463
279 -48.638649326584527
280 -50.489367225949536
281 -47.416153146524721
282 -44.683867250096228
283 -47.535403697385391
284 -46.784052499507652
285 -49.114153245997386
286 -48.614297136613004
287 -45.537032185347925
288 -46.037418476373205
289 -48.020223220454682
290 -46.204087192843872
291 -47.035791676359167
292 -39.899973702860279
293 -41.788999720843094
294 -42.987127717791282
295 -41.717447166258808
296 -42.022807921625827
297 -43.387774997591805
298 -35.410600087709554
299 -34.424575192632801
300 -33.612205969063780
301 -38.036337512829050
302 -37.830753500987612
303 -41.606868397136623
304 -38.734521905946167
305 -37.409484566520405
306 -34.295975190995705
307 -34.088758684883032
308 -37.343120709022514
309 -39.546177925866687
310 -39.531959306708814
311 -40.840666194120331
312 -41.653567808699336
313 -43.279958072418594
314 -37.413848612574839
315 -39.339328235530957
316 -39.203306335527031
317 -37.862474773773556
318 -40.952606732224012
319 -39.219254010634359
320 -43.659718339275059
321 -39.737600684366043
322 -40.455855445276484
323 -41.041423496370044
324 -34.685185816777903
325 -36.306129270949441
326 -35.634013494640385
327 -34.109999137244813
328 -34.931338698919262
329 -38.569055970148838
330 -39.929947687848653
331 -36.566657768186360
332 -38.223177570333974
333 -40.078428149628962
334 -40.157529564568904
335 -38.750142649767440
336 -33.569852623566931
337 -35.795092349143488
338 -35.883947740908752
339 -34.099881863509836
340 -35.033205611404810
341 -37.069926140792631
342 -38.794948239407859
343 -38.814850282365569
344 -37.414338647308341
345 -35.903761813502570
346 -37.944769869289303
347 -39.495052448078695
348 -37.446933840921702
349 -33.269371241498447
350 -40.651085269226769
351 -43.496022281350179
352 -43.236241012208666
353 -40.994997833488014
354 -42.569168495663234
355 -44.699295047967553
356 -42.970274363397039
357 -39.161370865868776
358 -39.862540038708630
359 -40.074816783021561
360 -39.985535995891041
361 -40.942866666843656
362 -43.972245071749057
363 -45.287360104973686
364 -38.509786851341687
365 -37.950329071073156
366 -37.382084361675879
367 -38.822713622620540
368 -39.320643655261392
369 -42.078367661832544
370 -43.135847932651359
371 -45.441764895049346
372 -47.124847572808449
373 -47.200865190423428
374 -48.367467316020793
375 -46.794834339364115
376 -41.826549628570774
377 -44.759130669177466
378 -50.236355705878395
379 -46.825729877380127
380 -49.567319106776267
381 -45.557394141866098
382 -43.841431838779954
383 -40.599688362107827
384 -39.615095652423406
385 -39.366746151391908
386 -40.714033690377619
387 -37.485441526607701
388 -34.376556032057579
389 -34.431797874896347
390 -34.086601129174142
391 -36.162705874766743
392 -34.659565953114452
393 -33.938706278536301
394 -35.875282280075226
395 -34.305594472242774
396 -35.586108801710452
397 -35.181772482279939
398 -35.794027737425040
399 -35.341170586271346
400 -34.583942343156650
401 -37.219644415160928
402 -39.125240972760821
403 -38.939964385612257
404 -42.839450765950460
405 -42.281015611543353
406 -42.961745981261629
407 -37.302423375558647
408 -37.344204316680134
409 -38.674505438703818
410 -44.652689117929185
411 -49.440834767035085
412 -48.717504241371444
413 -48.260921087748102
414 -45.197167961151990
415 -47.271817419841227
416 -45.843520468201859
417 -45.053277405037079
418 -45.690701651575637
419 -45.763898531452014
420 -44.464840643750449
421 -42.410131973025727
422 -40.833385694550088
423 -42.050801239621251
424 -44.215585977212413
425 -41.840874865234582
426 -40.898735617502552
427 -43.265649348055831
428 -39.722253904807076
429 -40.163059213742599
430 -41.711386746304015
431 -42.357792865109786
432 -42.697841735929615
433 -43.717363234247387
434 -37.952703114400720
435 -38.528242507316463
436 -40.607457341960981
437 -40.639553259087734
438 -39.509064494387985
439 -38.996586223954182
440 -40.211880279690831
441 -34.201459524591428
442 -36.200747643517388
443 -35.953876964992105
444 -38.421210242702728
445 -41.557066505833973
446 -41.793448764831737
447 -38.571149740385408
448 -43.279995681947639
449 -45.006733155781149
450 -43.868011573874810
451 -42.095211621946873
452 -40.690496596446792
453 -42.044541075332745
454 -40.344833404017209
455 -41.368699795035354
456 -40.006577935790119
457 -39.974116185800085
458 -38.240613118951842
459 -40.671200493276956
460 -36.904687523832308
461 -36.322537440736141
462 -41.976667949797502
463 -47.159561251246942
464 -47.338078544615655
465 -45.553305544160139
466 -48.244734714485730
467 -46.363771636776619
468 -47.264769969265672
469 -48.001003403615869
470 -49.815545197015126
471 -49.321047171564260
472 -47.330416583798524
473 -46.971747341091032
474 -45.406293490893404
475 -48.177821430990207
476 -53.681878598139974
477 -52.641264454310658
478 -51.030035781838251
479 -46.497168006972515
480 -48.206197034504839
481 -46.114403088642121
482 -42.895014679392716
483 -44.599445422723420
484 -43.598883167283930
485 -47.194601220696768
486 -45.022609559202010
487 -46.971720138997625
488 -45.079291361424112
489 -39.231781312027124
490 -44.556200635979621
491 -44.745075711163736
492 -43.902748607114518
493 -47.040136284582331
494 -45.841139220298828
495 -45.582427164978526
496 -47.611288066946599
497 -50.136624866546754
498 -51.482946652346072
499 -50.294480249846401
500 -50.946439811740220
501 -53.241163105331907
502 -51.085156052941784
503 -52.932980288097497
504 -50.041432971053837
505 -44.480533404505422
506 -41.480658213606148
507 -37.738546268388291
508 -38.004138086110743
509 -36.154217707688076
510 -34.684910760266575
511 -31.269742554166442
512 -31.600328423613973
513 -29.709728711824482
514 -29.811680673325554
515 -30.362434618644329
516 -32.529291598204054
517 -29.577110456250011
518 -32.394596444790295
519 -32.754351160329861
520 -36.809382356991136
521 -39.106448416090188
522 -39.484287783408490
523 -38.620759859174086
524 -37.901491542438634
525 -43.320518050809824
526 -43.018970533578340
527 -42.019270779846920
528 -35.554997938099405
529 -34.365554024544508
530 -34.319422148807007
531 -33.382459075827228
532 -29.992000008461673
533 -32.356527193860984
534 -36.052075884535498
535 -36.198404652723184
536 -37.084287397245134
537 -39.614464695631341
538 -36.955683410872552
539 -35.426926543680111
540 -39.970676660573190
541 -40.715990580967627
542 -43.675450312859994
543 -46.074030993332144
544 -47.040384066217939
545 -47.354366408653732
546 -49.951355676999356
547 -48.129935690310049
548 -47.415136076371709
549 -48.410810859190860
550 -50.041369209793629
551 -47.302263591150677
552 -44.899064681703749
553 -42.164818850299071
554 -44.430432800375456
555 -39.908363679631748
556 -40.739707002263458
557 -38.297370761533784
558 -41.497378524153191
559 -40.551568137602317
560 -41.609989034634509
561 -41.089704149075260
562 -38.705155784510680
563 -41.346838346993081
564 -40.904521491601827
565 -43.906343172175184
566 -40.627963627558529
567 -36.896242939004878
568 -40.885754094447293
569 -38.174362495210516
570 -37.400069585677556
571 -38.513412757197329
572 -40.177994892631887
573 -39.413210388691368
574 -35.108975104093133
575 -32.188424007300910
576 -34.583373692579698
577 -37.218666560859674
578 -39.764614231558880
579 -33.900860342313081
580 -32.270303217144374
581 -33.906597914197846
582 -29.440769931843533
583 -30.606845307215281
584 -33.724305350968734
585 -34.926480556377101
586 -34.067025007644588
587 -34.378567778027445
588 -39.112349011597416
589 -43.315123800173751
590 -44.140297997102607
591 -46.854385647191066
592 -44.518689528359573
593 -43.482675925883086
594 -45.712136389638090
595 -45.283919131246421
596 -43.509795315246265
597 -45.893355769130721
598 -43.395058777063241
599 -46.915292101202795
600 -47.377186255511788
601 -45.254655954746340
602 -45.385631992176513
603 -42.296714257094209
604 -38.419330531795367
605 -37.752273855618569
606 -36.051109820012243
607 -36.039474578325553
608 -35.646558383834417
609 -36.169656082540314
610 -39.764614653588069
611 -40.141459260178181
612 -40.742763334230403
613 -40.493223936294726
614 -38.852348091870681
615 -37.871711743701326
616 -37.096137478798937
617 -42.754414577179887
618 -41.127432793946355
619 -36.473901203078185
620 -39.894428657648859
621 -39.963257004131719
622 -36.721528809088340
623 -37.231421426936777
624 -37.772874524003328
625 -40.356470270332011
626 -38.861607177001588
627 -42.982469284993840
628 -46.801548103368077
629 -45.557968464514488
630 -43.403337439256120
631 -42.878560416309938
632 -42.717117717753354
633 -47.120699657395107
634 -45.513863796199075
635 -39.908635943737409
636 -40.229780662972189
637 -41.845132842995554
638 -37.917384107118323
639 -39.797057241853963
640 -40.214699194908007
641 -39.188088281496221
642 -39.258356034683402
643 -43.704673884082695
644 -44.311057851834448
645 -45.056969186417064
646 -50.425949193951510
647 -61.981154336470354
648 -60.893440096916493
649 -62.100062623889244
650 -62.574848073293651
651 -54.366526248709306
652 -53.857970646306967
653 -51.547082382830013
654 -54.184253805922253
655 -53.973332635693168
656 -51.375188382088254
657 -47.237594175152481
658 -47.992799879407812
659 -41.437052348664565
660 -41.385570914282198
661 -38.799089948331584
662 -39.224028362824356
663 -38.699865319370929
664 -41.259030337119384
665 -39.315020309154534
666 -39.493100636845156
667 -39.722573799668680
668 -39.972930263884791
669 -41.967970248935217
670 -43.401131586422252
671 -45.627896071995110
672 -49.023036552036501
673 -49.001203914816415
674 -50.618759831548232
675 -49.141108174439069
676 -48.808086091676614
677 -48.060473855414330
678 -48.882831354456812
679 -45.939283834575690
680 -50.075929758389975
681 -54.480394652621271
682 -55.254006668337752
683 -52.987132072305030
684 -52.958889885958342
685 -56.220843759201671
686 -54.337002839932211
687 -54.796924583996770
688 -57.939638609298527
689 -51.481371971927274
690 -46.068521578002674
691 -47.503815372926056
692 -44.277524323336820
693 -41.816610831507205
694 -43.771746655533207
695 -41.266834875808399
696 -37.652284791922739
697 -35.557661455749439
698 -36.837243553803091
699 -37.075578028393466
700 -35.847073950909817
701 -37.114294216294638
702 -35.956596294496649
703 -36.201523208970229
704 -37.086305871185232
705 -36.983425952495963
706 -35.350113153700477
707 -36.259754461939792
708 -36.909447095280029
709 -31.278571514508712
710 -31.538362647542726
711 -29.855667800957690
712 -29.614977957997780
713 -29.529399044550701
714 -31.189538548689598
715 -34.149536794278902
716 -35.159125235433748
717 -33.249913363923042
718 -36.972882769910484
719 -34.961143364682812
720 -35.654262967585510
721 -30.397669821531053
722 -31.548142323363663
723 -35.508773731735801
724 -30.779295565282155
725 -31.625433756634266
726 -28.454239237533329
727 -29.630576338809533
728 -28.687545306478114
729 -31.766286362767460
730 -34.064269985636201
731 -35.921095130372123
732 -34.358242418167265
733 -39.172605426122573
734 -40.364992037696084
735 -40.677524286827520
736 -42.073186889991121
737 -42.277150136974342
738 -44.495340921129355
739 -48.241665111294424
740 -46.810277033400325
741 -49.399272719499095
742 -48.112547027465098
743 -42.536705709959733
744 -44.386052300244046
745 -46.922781066089556
746 -46.336219842286027
747 -48.711568698925021
748 -52.471787476622467
749 -48.577961051157672
750 -46.268572847454834
751 -49.192517735456931
752 -46.074465170883741
753 -43.891003862722300
754 -42.307066696238053
755 -39.594822343126452
756 -40.815313634007452
757 -39.454222733095321
758 -41.877644641941060
759 -44.094690706801430
760 -41.495492584630028
761 -44.092906503153699
762 -42.088797042077658
763 -40.519480230197587
764 -37.535113575866035
765 -33.881999336364970
766 -34.262053468397426
767 -35.737259513974550
768 -36.103618659416497
769 -37.511702150091423
770 -38.172338907142148
771 -36.865931433087098
772 -36.705112916096368
773 -37.967330455258889
774 -35.877800319467497
775 -33.717383886083098
776 -33.751030636786709
777 -35.135705551332649
778 -34.079642536778010
779 -32.946754384045107
780 -34.310993015306394
781 -35.226273820210736
782 -39.146866284027510
783 -42.969900311010406
784 -44.984955002353217
785 -43.205606889391674
786 -44.501730087194574
787 -47.475883645789509
788 -47.286259321987018
789 -49.470241344919032
790 -51.401910394510196
791 -46.372051020365234
792 -43.649897719119053
793 -48.173937315622425
794 -45.049931705756080
795 -44.707792892320413
796 -40.453607571885641
797 -39.758443836518836
798 -38.880767384498995
799 -43.231040140347886
800 -42.822713522639788
801 -46.831225406181147
802 -50.316496780468242
803 -52.916349012829414
804 -54.017959472395432
805 -47.391721578972010
806 -45.014664170536889
807 -44.956143361318027
808 -42.000812535970454
809 -39.161547914864968
810 -38.071322776916986
811 -37.656913963010993
812 -39.627121274142610
813 -39.671947852287303
814 -45.535181534593448
815 -46.272683938792852
816 -47.136851050973746
817 -45.462766404049489
818 -54.317850553751668
819 -51.615463271836688
820 -54.496604388323249
821 -43.944088353962798
822 -47.198663273522016
823 -53.114577807833030
824 -56.582967826341246
825 -55.827311745512361
826 -53.592548382560835
827 -53.263106412187881
828 -43.098416674503369
829 -46.245805606498379
830 -44.259763801652753
831 -45.067646890259766
832 -42.412880983499235
833 -46.076820583748486
834 -48.132803178795712
835 -48.728300439676786
836 -53.401547602797564
837 -53.541770422646550
838 -55.348956433021158
839 -53.537736044976555
840 -48.000867772724177
841 -50.425092316572318
842 -51.841141962856000
843 -53.619930854180893
844 -51.427317759822472
845 -51.763340835263079
846 -53.444130772322751
847 -55.391703621053239
848 -50.005366638095438
849 -50.742786509186317
850 -55.022128788128612
851 -56.191097224629175
852 -55.036606442429729
853 -50.727644880749722
854 -51.663844564480314
855 -53.605903055046838
856 -51.912642542759841
857 -49.369932060898918
858 -48.427548210420355
859 -46.937695613684355
860 -44.158805880142609
861 -45.845344282195128
862 -49.778493537182385
863 -47.221452757912175
864 -51.274978704753721
865 -52.195263376844650
866 -52.243785835547442
867 -52.905414174214002
868 -52.428362776177892
869 -61.125963557751220
870 -61.580557208265418
871 -63.792148029385316
872 -55.540724979054175
873 -58.034338381896760
874 -54.062159709711068
875 -59.167206137664834
876 -53.975605167055619
877 -57.132785582600263
878 -61.424773030170854
879 -62.083071811231093
880 -53.885299108474555
881 -58.672673240359472
882 -57.286715312112847
883 -58.127361962216582
884 -54.097059526247904
885 -55.794505357301205
886 -52.749475411435924
887 -58.074649324456004
888 -57.674170178113854
889 -56.752657988425199
890 -57.222499754613182
891 -55.575311968685128
892 -56.343517366253764
893 -51.415841513055966
894 -51.649264597307592
895 -51.401979798977209
896 -47.714408810019904
897 -47.983530973788675
898 -47.602598356437738
899 -44.664140298655639
900 -44.247850860213020
901 -51.312818470441925
902 -51.351446247493186
903 -54.420178082532857
904 -55.359838530105208
905 -50.229197280196786
906 -53.635028100668023
907 -55.149563287012370
908 -54.041950719745273
909 -53.317107621220657
910 -56.508113726427837
911 -60.915539296141560
912 -62.573077812133761
913 -65.417025690473565
914 -51.363765533336391
915 -50.531389738146572
916 -49.191957299292426
917 -49.379035305788875
918 -49.088192690694086
919 -50.955112312840811
920 -50.059905250060183
921 -53.279584283669465
922 -49.971336538046216
923 -46.288535853258509
924 -47.751212710049003
925 -47.125393510482809
926 -43.733443851561788
927 -42.523398718588851
928 -45.407672864123924
929 -44.755991767786327
930 -46.828814754901487
931 -46.537656506970507
932 -46.287693232471156
933 -49.861096249313050
934 -50.887306034895573
935 -46.129283464358195
936 -43.497055034426012
937 -42.547023524715769
938 -41.363552202081337
939 -44.428359008271855
940 -38.493079004441825
941 -38.419925636016160
942 -38.940077912024663
943 -41.980513486867039
944 -44.422599642568457
945 -45.038113835448712
946 -48.069546453235034
947 -48.206154526733371
948 -46.256917202296790
949 -45.627291721471465
950 -42.664241120066436
951 -48.693718262680704
952 -47.307330394341534
953 -40.793684182986453
954 -39.931604930868161
955 -44.122110262067508
956 -46.937425732405700
957 -47.044036303110261
958 -48.252421444268293
959 -45.441143519889010
960 -45.085055378001925
961 -41.957893466718360
962 -41.885169403736654
963 -36.723076114083597
964 -38.330522308564014
965 -38.460843065820427
966 -38.228754503756136
967 -39.360709718088401
968 -41.720961360658293
969 -42.091909580069569
970 -41.566243703339751
971 -44.845572291579174
972 -40.805502616988633
973 -40.238039886899514
974 -40.369161350608010
975 -40.332863498677852
976 -42.623585643905699
977 -42.506390610786184
978 -38.644285275368020
979 -40.951609639301296
980 -42.539179468611110
981 -41.437876163814508
982 -41.634694002211745
983 -38.523451453805137
984 -39.984794181320467
985 -39.195066554875666
986 -42.276686409262311
987 -44.199397517193574
988 -43.041865895800584
989 -40.541610467885221
990 -39.245676583085697
991 -38.229210949731623
992 -39.280412120539495
993 -38.720213410719680
994 -32.210573536435732
995 -34.586880362747252
996 -36.231666606231556
997 -37.895052306266280
998 -36.336260056696574
999 -36.388237844593277
1000 -39.213109108560275
