1 8824.6623229481993
2 8824.6623229481993
3 8824.6623229481993
4 8824.6623229481993
5 8903.8584759055284
6 8903.8584759055284
7 9046.1150324235768
8 9094.9088506189819
9 9094.9088506189819
10 9094.9088506189819
11 9094.9088506189819
12 9094.9088506189819
13 9094.9088506189819
14 9094.9088506189819
15 9094.9088506189819
16 9094.9088506189819
17 9075.0410263029426
18 9075.0410263029426
19 9109.1835879437840
20 9109.1835879437840
21 9109.1835879437840
22 9109.1835879437840
23 9051.3118890216629
24 9051.3118890216629
25 9056.0840982212903
26 9141.4421670919946
27 9141.4421670919946
28 9141.4421670919946
29 9141.4421670919946
30 9141.4421670919946
31 9141.4421670919946
32 9141.4421670919946
33 9141.4421670919946
34 9141.4421670919946
35 9141.4421670919946
36 9141.4421670919946
37 9141.4421670919946
38 9141.4421670919946
39 9059.7195002105364
40 9059.7195002105364
41 9059.7195002105364
42 9059.7195002105364
43 9059.7195002105364
44 9059.7195002105364
45 9059.7195002105364
46 9027.8553979053795
47 9027.8553979053795
48 9027.8553979053795
49 9027.8553979053795
50 9060.3460422552726
51 9060.3460422552726
52 9060.3460422552726
53 9060.3460422552726
54 9060.3460422552726
55 9060.3460422552726
56 9041.0461431367221
57 9041.0461431367221
58 9041.0461431367221
59 9041.0461431367221
60 9041.0461431367221
61 9041.0461431367221
62 9041.0461431367221
63 9041.0461431367221
64 9041.0461431367221
65 9082.6309638272323
66 9146.4542472513040
67 9146.4542472513040
68 9146.4542472513040
69 9146.4542472513040
70 9141.4549334615458
71 9141.4549334615458
72 9122.3518019056010
73 9122.3518019056010
74 9122.3518019056010
75 9122.3518019056010
76 9122.3518019056010
77 9122.3518019056010
78 9122.3518019056010
79 9101.8196080588987
80 9101.8196080588987
81 9101.8196080588987
82 9101.8196080588987
83 9101.8196080588987
84 9101.8196080588987
85 9101.8196080588987
86 9101.8196080588987
87 9101.8196080588987
88 9101.8196080588987
89 9101.8196080588987
90 9101.8196080588987
91 9101.8196080588987
92 9049.2850571678046
93 9049.2850571678046
94 9049.2850571678046
95 9049.2850571678046
96 9049.2850571678046
97 9049.2850571678046
98 9049.2850571678046
99 9049.2850571678046
100 9049.2850571678046
101 9049.2850571678046
102 9049.2850571678046
103 9049.2850571678046
104 9049.2850571678046
105 9049.2850571678046
106 9013.4002957866869
107 9013.4002957866869
108 9013.4002957866869
109 9001.4937086554273
110 9088.6649107428202
111 9088.6649107428202
112 9088.6649107428202
113 9088.6649107428202
114 9088.6649107428202
115 9088.6649107428202
116 9088.6649107428202
117 9088.6649107428202
118 9086.5165305658156
119 9086.5165305658156
120 9086.5165305658156
121 9086.5165305658156
122 9108.4092009140477
123 9108.4092009140477
124 9020.0371481289458
125 9020.0371481289458
126 9020.0371481289458
127 9131.7736189017069
128 9131.7736189017069
129 9131.7736189017069
130 9131.7736189017069
131 9131.7736189017069
132 9131.7736189017069
133 9131.7736189017069
134 9131.7736189017069
135 9077.4329899598924
136 9077.4329899598924
137 9077.4329899598924
138 9077.4329899598924
139 9077.4329899598924
140 9077.4329899598924
141 9077.4329899598924
142 9125.7519942604613
143 9125.7519942604613
144 9136.5996052685932
145 9136.5996052685932
146 9136.5996052685932
147 9136.5996052685932
148 9136.5996052685932
149 9136.5996052685932
150 9136.5996052685932
151 9136.5996052685932
152 9136.5996052685932
153 9147.5743154507072
154 9147.5743154507072
155 9147.5743154507072
156 9147.5743154507072
157 9147.5743154507072
158 9147.5743154507072
159 9147.5743154507072
160 9147.5743154507072
161 9147.5743154507072
162 9147.5743154507072
163 9147.5743154507072
164 9147.5743154507072
165 9147.5743154507072
166 9147.5743154507072
167 9147.5743154507072
168 9031.5112180497308
169 9078.8956664761117
170 9078.8956664761117
171 9072.4300988828218
172 9072.4300988828218
173 9072.4300988828218
174 9072.4300988828218
175 9072.4300988828218
176 9051.1287413365826
177 9051.1287413365826
178 9051.1287413365826
179 9051.1287413365826
180 9051.1287413365826
181 9051.1287413365826
182 9138.9007560037135
183 9140.0735718438355
184 9140.0735718438355
185 9140.0735718438355
186 9137.1193163446806
187 9137.1193163446806
188 9137.1193163446806
189 9137.1193163446806
190 9088.3359152724042
191 9088.3359152724042
192 9088.3359152724042
193 9088.3359152724042
194 9088.3359152724042
195 9088.3359152724042
196 9001.4655408306680
197 9001.4655408306680
198 9001.4655408306680
199 9001.4655408306680
200 9001.4655408306680
201 9136.4281283390319
202 9136.4281283390319
203 9136.4281283390319
204 9136.4281283390319
205 9136.4281283390319
206 9136.4281283390319
207 9136.4281283390319
208 9136.4281283390319
209 9136.4281283390319
210 9136.4281283390319
211 9067.9121285043439
212 9067.9121285043439
213 9108.1350604908239
214 9108.1350604908239
215 9108.1350604908239
216 9108.1350604908239
217 9108.1350604908239
218 9108.1350604908239
219 9106.6735518168625
220 9106.6735518168625
221 9106.6735518168625
222 9106.6735518168625
223 9106.6735518168625
224 9106.6735518168625
225 8991.4528803285975
226 8991.4528803285975
227 8991.4528803285975
228 9035.1681147109466
229 9106.7368479497472
230 9106.7368479497472
231 9106.7368479497472
232 9106.7368479497472
233 9106.7368479497472
234 9106.7368479497472
235 9106.7368479497472
236 9106.7368479497472
237 9106.7368479497472
238 9106.7368479497472
239 9106.7368479497472
240 9106.7368479497472
241 9106.7368479497472
242 9106.7368479497472
243 9106.7368479497472
244 9207.6756382812455
245 9207.6756382812455
246 9207.6756382812455
247 9207.6756382812455
248 9207.6756382812455
249 9207.6756382812455
250 9207.6756382812455
251 9065.3661715300204
252 9065.3661715300204
253 9065.3661715300204
254 9065.3661715300204
255 9065.3661715300204
256 9065.3661715300204
257 9065.3661715300204
258 9148.9309052689368
259 9148.9309052689368
260 9148.9309052689368
261 9148.9309052689368
262 9148.9309052689368
263 9148.9309052689368
264 9148.9309052689368
265 9148.9309052689368
266 9148.9309052689368
267 9159.7350495054689
268 9159.7350495054689
269 9159.7350495054689
270 9159.7350495054689
271 9159.7350495054689
272 8981.7411180315466
273 8981.7411180315466
274 8981.7411180315466
275 8981.7411180315466
276 8981.7411180315466
277 9006.4226641335244
278 9006.4226641335244
279 9006.4226641335244
280 9006.4226641335244
281 9006.4226641335244
282 9006.4226641335244
283 9006.4226641335244
284 9006.4226641335244
285 9006.4226641335244
286 9006.4226641335244
287 9006.4226641335244
288 9006.4226641335244
289 9006.4226641335244
290 9006.4226641335244
291 9006.4226641335244
292 9006.4226641335244
293 9044.4899073577963
294 9044.4899073577963
295 9048.0887495433817
296 9050.2416701614202
297 9072.4404652382600
298 9072.4404652382600
299 9072.4404652382600
300 9154.0215111995294
301 9154.0215111995294
302 9154.0215111995294
303 9174.8845913807509
304 9021.6914905387312
305 9021.6914905387312
306 9021.6914905387312
307 9021.6914905387312
308 9021.6914905387312
309 9180.4001563571892
310 9166.3759314654781
311 9054.2855874453853
312 9054.2855874453853
313 9054.2855874453853
314 9054.2855874453853
315 9054.2855874453853
316 9054.2855874453853
317 9054.2855874453853
318 9054.2855874453853
319 9054.2855874453853
320 9054.2855874453853
321 9054.2855874453853
322 9054.2855874453853
323 9054.2855874453853
324 9054.2855874453853
325 9054.2855874453853
326 9054.2855874453853
327 9054.2855874453853
328 9054.2855874453853
329 9054.2855874453853
330 9054.2855874453853
331 9054.2855874453853
332 9054.2855874453853
333 9054.2855874453853
334 9054.2855874453853
335 9054.2855874453853
336 9054.2855874453853
337 9082.5193644142400
338 9068.1455500848006
339 9068.1455500848006
340 9068.1455500848006
341 9068.1455500848006
342 9068.1455500848006
343 9068.1455500848006
344 9179.7307101957995
345 9179.7307101957995
346 9179.7307101957995
347 9179.7307101957995
348 9179.7307101957995
349 9179.7307101957995
350 9179.7307101957995
351 9179.7307101957995
352 8973.9058623502660
353 8973.9058623502660
354 9096.9228107347517
355 9096.9228107347517
356 9096.9228107347517
357 9096.9228107347517
358 9096.9228107347517
359 9070.3526948211038
360 9070.3526948211038
361 9070.3526948211038
362 9070.3526948211038
363 9070.3526948211038
364 9070.3526948211038
365 9070.3526948211038
366 9070.3526948211038
367 9070.3526948211038
368 9070.3526948211038
369 9070.3526948211038
370 9148.6128972448878
371 9148.6128972448878
372 9148.6128972448878
373 9148.6128972448878
374 9148.6128972448878
375 9148.6128972448878
376 9084.9465042086485
377 9084.9465042086485
378 9084.9465042086485
379 9084.9465042086485
380 9084.9465042086485
381 9084.9465042086485
382 9084.9465042086485
383 9006.8677859534982
384 9006.8677859534982
385 9021.2788746173046
386 9037.8202514615041
387 9037.8202514615041
388 9037.8202514615041
389 9037.8202514615041
390 9127.9581846357632
391 9088.3612915738249
392 9088.3612915738249
393 9060.9014917913864
394 9091.0528818701914
395 9091.0528818701914
396 9091.0528818701914
397 9091.0528818701914
398 9091.0528818701914
399 9091.0528818701914
400 9134.8332742429357
401 9134.8332742429357
402 9134.8332742429357
403 9134.8332742429357
404 9134.8332742429357
405 9134.8332742429357
406 9153.2761043156333
407 9066.3738659156388
408 9066.3738659156388
409 9005.1372675721177
410 9053.4200778889990
411 9053.4200778889990
412 9053.4200778889990
413 9053.4200778889990
414 9053.4200778889990
415 9053.4200778889990
416 9018.5942509170745
417 9101.6800889326441
418 9101.6800889326441
419 9101.6800889326441
420 9101.6800889326441
421 9101.6800889326441
422 9101.6800889326441
423 9101.6800889326441
424 9101.6800889326441
425 9101.6800889326441
426 9101.6800889326441
427 9101.6800889326441
428 9101.6800889326441
429 9101.6800889326441
430 9101.6800889326441
431 9101.6800889326441
432 9101.6800889326441
433 9101.6800889326441
434 9047.5762946084069
435 9047.5762946084069
436 9134.5343441074892
437 9026.5565801027587
438 9026.5565801027587
439 9026.5565801027587
440 9070.4122513847924
441 9083.5104327212102
442 9083.5104327212102
443 9060.1559803259170
444 9124.5111103752151
445 9124.5111103752151
446 9059.6260669565618
447 9012.5582831265529
448 9131.2430354057506
449 9126.0510204793900
450 9116.1753593778958
451 9116.1753593778958
452 9105.1874404353766
453 9073.2981802335780
454 9073.2981802335780
455 9073.2981802335780
456 9073.2981802335780
457 9073.2981802335780
458 9073.2981802335780
459 9109.1483152879300
460 9109.1483152879300
461 8990.5580812818425
462 8990.5580812818425
463 9031.0016721532393
464 9014.9671462018869
465 9162.6428281281078
466 9100.3841646462224
467 9100.3841646462224
468 9100.3841646462224
469 9100.3841646462224
470 9100.3841646462224
471 9100.3841646462224
472 9100.3841646462224
473 9122.3804866662795
474 9122.3804866662795
475 9077.6345982156618
476 9077.6345982156618
477 9077.6345982156618
478 9077.6345982156618
479 9077.6345982156618
480 9077.6345982156618
481 9077.6345982156618
482 9118.0925575880756
483 9045.3941500062556
484 9139.5397931953303
485 9139.5397931953303
486 9139.5397931953303
487 9139.5397931953303
488 9139.5397931953303
489 9040.2656267026978
490 9040.2656267026978
491 9040.2656267026978
492 9040.2656267026978
493 9040.2656267026978
494 9040.2656267026978
495 9062.0148426228989
496 8945.7576949604809
497 8945.7576949604809
498 8945.7576949604809
499 8967.0773783934474
500 9036.6137928677072
501 9036.6137928677072
502 9106.0561729791934
503 9106.0561729791934
504 9106.0561729791934
505 9106.0561729791934
506 9106.0561729791934
507 9106.0561729791934
508 9106.0561729791934
509 9079.0924530463399
510 9079.0924530463399
511 9079.0924530463399
512 9079.0924530463399
513 9129.8141263547477
514 9129.8141263547477
515 9129.8141263547477
516 9081.8782972970839
517 9081.8782972970839
518 9099.8956533816418
519 9020.7596067656559
520 9020.7596067656559
521 9020.7596067656559
522 9020.7596067656559
523 9020.7596067656559
524 9020.7596067656559
525 9020.7596067656559
526 9020.7596067656559
527 9020.7596067656559
528 9149.8885460629535
529 9149.8885460629535
530 9175.2837983817208
531 9089.4632910701675
532 9089.4632910701675
533 9148.1354397272662
534 9037.3664329682815
535 9037.3664329682815
536 9037.3664329682815
537 9037.3664329682815
538 9037.3664329682815
539 9106.1482043798151
540 9114.7890002468630
541 9114.7890002468630
542 9114.7890002468630
543 9053.8470993205392
544 9077.9366821682324
545 9077.9366821682324
546 9116.4144980644232
547 9129.6358875975693
548 9129.6358875975693
549 9129.6358875975693
550 9129.6358875975693
551 9129.6358875975693
552 9062.3025841986000
553 9062.3025841986000
554 9062.3025841986000
555 9062.3025841986000
556 9062.3025841986000
557 9062.3025841986000
558 9062.3025841986000
559 9062.3025841986000
560 9044.6428144658385
561 9044.6428144658385
562 9044.6428144658385
563 9044.6428144658385
564 9044.6428144658385
565 9044.6428144658385
566 9044.6428144658385
567 9044.6428144658385
568 9044.6428144658385
569 9044.6428144658385
570 9044.6428144658385
571 9044.6428144658385
572 9044.6428144658385
573 9044.6428144658385
574 9044.6428144658385
575 9044.6428144658385
576 9044.6428144658385
577 9044.6428144658385
578 9116.3827755573984
579 9116.3827755573984
580 9116.3827755573984
581 9087.2408690172579
582 9087.2408690172579
583 9087.2408690172579
584 9087.2408690172579
585 9087.2408690172579
586 9123.4690572061827
587 9123.4690572061827
588 9123.4690572061827
589 9123.4690572061827
590 9123.4690572061827
591 9123.4690572061827
592 9123.4690572061827
593 9123.4690572061827
594 9123.4690572061827
595 9123.4690572061827
596 9123.4690572061827
597 9123.4690572061827
598 9123.4690572061827
599 9123.4690572061827
600 9017.6281154841035
601 9017.6281154841035
602 9017.6281154841035
603 9018.9098037255317
604 9018.9098037255317
605 9018.9098037255317
606 9018.9098037255317
607 9124.2578259009424
608 9124.0517478500169
609 9124.0517478500169
610 9124.0517478500169
611 9124.0517478500169
612 9124.0517478500169
613 9142.6321723333403
614 9142.6321723333403
615 9142.6321723333403
616 9142.6321723333403
617 9090.7523933947887
618 9090.7523933947887
619 9090.7523933947887
620 9090.7523933947887
621 9090.7523933947887
622 9105.2726899510599
623 9105.2726899510599
624 9105.2726899510599
625 9105.2726899510599
626 9105.2726899510599
627 9127.9350236603641
628 9127.9350236603641
629 9127.9350236603641
630 9127.9350236603641
631 9127.9350236603641
632 9211.8513094331411
633 9211.8513094331411
634 9209.6280454752650
635 9209.6280454752650
636 9094.5666273676470
637 9094.5666273676470
638 9094.5666273676470
639 9097.5062298168941
640 9109.3847122889074
641 9109.3847122889074
642 9109.3847122889074
643 9132.5877071897357
644 9090.7695104861177
645 9090.7695104861177
646 9065.9036183731914
647 9044.9514183017109
648 9044.9514183017109
649 9044.9514183017109
650 9044.9514183017109
651 9044.9514183017109
652 9044.9514183017109
653 9044.9514183017109
654 9044.9514183017109
655 9044.9514183017109
656 9044.9514183017109
657 8991.7871073551687
658 8991.7871073551687
659 8991.7871073551687
660 9031.0846283516821
661 9022.3847109937742
662 9022.3847109937742
663 9022.3847109937742
664 9038.0920492613113
665 9038.0920492613113
666 9024.5665815702414
667 9079.7474486993797
668 9079.7474486993797
669 9079.7474486993797
670 9079.7474486993797
671 9079.7474486993797
672 9079.7474486993797
673 9079.7474486993797
674 9076.0550787526245
675 9076.0550787526245
676 9076.0550787526245
677 9076.0550787526245
678 9044.3005661871830
679 9044.3005661871830
680 9044.3005661871830
681 9044.3005661871830
682 9044.3005661871830
683 9044.3005661871830
684 9044.3005661871830
685 9044.3005661871830
686 9044.3005661871830
687 9044.3005661871830
688 9044.3005661871830
689 9044.3005661871830
690 9095.8114004736181
691 9095.8114004736181
692 9095.8114004736181
693 9095.8114004736181
694 9095.8114004736181
695 9095.8114004736181
696 9095.8114004736181
697 9091.6603752213941
698 9091.6603752213941
699 9093.9820633736326
700 9093.9820633736326
701 9093.9820633736326
702 9093.9820633736326
703 9093.9820633736326
704 9093.9820633736326
705 9093.9820633736326
706 9093.9820633736326
707 9093.9820633736326
708 9003.4028475536616
709 9003.4028475536616
710 9003.4028475536616
711 9003.4028475536616
712 8976.4475454063631
713 8976.4475454063631
714 8976.4475454063631
715 9055.5845412828203
716 9055.5845412828203
717 9055.5845412828203
718 9055.5845412828203
719 9049.4588792495033
720 9050.4797104096633
721 9050.4797104096633
722 9073.2752796327495
723 9090.8154406943358
724 9090.8154406943358
725 9096.6227707474882
726 9096.6227707474882
727 9096.6227707474882
728 9113.8205207278625
729 9033.9872265533595
730 9033.9872265533595
731 9033.9872265533595
732 9033.9872265533595
733 9033.9872265533595
734 9033.9872265533595
735 9033.1178424483023
736 8974.5139124710076
737 8974.5139124710076
738 8974.5139124710076
739 8974.5139124710076
740 9115.3053925065615
741 9115.3053925065615
742 9115.3053925065615
743 9071.0644878461844
744 9071.0644878461844
745 9086.3348152238996
746 9086.3348152238996
747 9181.8588601872780
748 9181.8588601872780
749 9181.8588601872780
750 9181.8588601872780
751 9181.8588601872780
752 9181.8588601872780
753 9181.8588601872780
754 9011.0155776746851
755 9093.7250733072506
756 9093.7250733072506
757 9093.7250733072506
758 9093.7250733072506
759 9093.7250733072506
760 9093.7250733072506
761 9093.7250733072506
762 9093.7250733072506
763 9093.7250733072506
764 9093.7250733072506
765 9122.3152874857224
766 9122.3152874857224
767 9122.3152874857224
768 9122.3152874857224
769 9122.3152874857224
770 9122.3152874857224
771 9122.3152874857224
772 9016.9642506600194
773 9131.4199829509653
774 9053.0003935826335
775 9053.0003935826335
776 9172.2181143390990
777 9120.6644859872977
778 9120.6644859872977
779 9120.6644859872977
780 9120.6644859872977
781 9120.6644859872977
782 9123.3452345286241
783 9069.8362786079288
784 9069.8362786079288
785 9069.8362786079288
786 9103.1742469199544
787 9103.1742469199544
788 9103.1742469199544
789 9103.1742469199544
790 9082.1614077703707
791 9082.1614077703707
792 9082.1614077703707
793 9082.1614077703707
794 9082.1614077703707
795 9082.1614077703707
796 9082.1614077703707
797 9082.1614077703707
798 8999.2562427527191
799 8999.2562427527191
800 8991.8242489246313
801 8991.8242489246313
802 9087.4987158206641
803 9087.4987158206641
804 9048.3083773494272
805 9048.3083773494272
806 9152.4769223300191
807 9013.5196526177006
808 9013.5196526177006
809 9013.5196526177006
810 9013.5196526177006
811 9013.5196526177006
812 9013.5196526177006
813 9013.5196526177006
814 9013.5196526177006
815 9013.5196526177006
816 9013.5196526177006
817 9013.5196526177006
818 9013.5196526177006
819 9013.5196526177006
820 9013.5196526177006
821 9050.1429619227565
822 9050.1429619227565
823 9050.1429619227565
824 9050.1429619227565
825 9050.1429619227565
826 9050.1429619227565
827 9050.1429619227565
828 9081.6792174394050
829 9081.6792174394050
830 9081.6792174394050
831 9048.1379588462169
832 9048.1379588462169
833 9121.5518213271589
834 9121.5518213271589
835 9071.8518485921159
836 9071.8518485921159
837 9071.8518485921159
838 9071.8518485921159
839 9071.8518485921159
840 9071.8518485921159
841 9071.8518485921159
842 9071.8518485921159
843 9071.8518485921159
844 9071.8518485921159
845 9071.8518485921159
846 9071.8518485921159
847 9071.8518485921159
848 9071.8518485921159
849 9071.8518485921159
850 9105.2633606584459
851 9105.2633606584459
852 9105.2633606584459
853 9105.2633606584459
854 9105.2633606584459
855 9160.5151925264308
856 9160.5151925264308
857 9160.5151925264308
858 9160.5151925264308
859 9160.5151925264308
860 9160.5151925264308
861 9160.5151925264308
862 9160.5151925264308
863 9160.5151925264308
864 8942.8552723791418
865 8942.8552723791418
866 8942.8552723791418
867 8942.8552723791418
868 8942.8552723791418
869 8942.8552723791418
870 8986.7613831951458
871 9078.5789767381248
872 9078.5789767381248
873 9078.5789767381248
874 9078.5789767381248
875 9090.9811400552935
876 9027.5790046402781
877 9027.5790046402781
878 9027.5790046402781
879 9027.5790046402781
880 9027.5790046402781
881 9027.5790046402781
882 9027.5790046402781
883 9027.5790046402781
884 9027.5790046402781
885 9027.5790046402781
886 9027.5790046402781
887 9027.5790046402781
888 9027.5790046402781
889 9027.5790046402781
890 9027.5790046402781
891 9132.6580381496951
892 9132.6580381496951
893 9132.6580381496951
894 9132.6580381496951
895 9132.6580381496951
896 9132.6580381496951
897 9132.6580381496951
898 9132.6580381496951
899 9132.6580381496951
900 9132.6580381496951
901 9132.6580381496951
902 9148.4247830095992
903 9148.4247830095992
904 9148.4247830095992
905 9148.4247830095992
906 9148.4247830095992
907 9148.4247830095992
908 9148.4247830095992
909 9148.4247830095992
910 9114.3276621439763
911 9055.4221669226972
912 9131.0944319972295
913 9131.0944319972295
914 9131.0944319972295
915 9038.5224488593067
916 9038.5224488593067
917 9070.2380389946738
918 9070.2380389946738
919 9068.2260381834840
920 9020.7701842653696
921 9020.7701842653696
922 9020.7701842653696
923 9020.7701842653696
924 9037.7502872340465
925 9037.7502872340465
926 9037.7502872340465
927 9010.6725676640199
928 9010.6725676640199
929 9010.6725676640199
930 9010.6725676640199
931 9010.6725676640199
932 9010.6725676640199
933 9010.6725676640199
934 9010.6725676640199
935 9010.6725676640199
936 9010.6725676640199
937 9010.6725676640199
938 9010.6725676640199
939 9010.6725676640199
940 9010.6725676640199
941 9060.8116148359113
942 9060.8116148359113
943 9060.8116148359113
944 9060.8116148359113
945 9140.6429763622091
946 9140.6429763622091
947 9140.6429763622091
948 9089.2643821922611
949 9089.2643821922611
950 9089.2643821922611
951 9089.2643821922611
952 9089.2643821922611
953 9089.2643821922611
954 9042.7475723661537
955 9042.7475723661537
956 9042.7475723661537
957 9042.7475723661537
958 9042.7475723661537
959 9042.7475723661537
960 9042.7475723661537
961 9042.7475723661537
962 9042.7475723661537
963 9042.7475723661537
964 9024.1500864652517
965 9024.1500864652517
966 9024.1500864652517
967 9024.1500864652517
968 9076.0374659748923
969 9076.0374659748923
970 9076.0374659748923
971 9076.0374659748923
972 9076.0374659748923
973 9076.0374659748923
974 9076.0374659748923
975 9076.0374659748923
976 9076.0374659748923
977 9076.0374659748923
978 9153.9082284551714
979 9153.9082284551714
980 9153.9082284551714
981 9153.9082284551714
982 9111.4223453342875
983 9111.4223453342875
984 9111.4223453342875
985 9007.7007342697907
986 9007.7007342697907
987 9095.7690760734131
988 9167.2319582529417
989 9167.2319582529417
990 9167.2319582529417
991 9167.2319582529417
992 9167.2319582529417
993 9167.2319582529417
994 9167.2319582529417
995 9104.3982487048761
996 9104.3982487048761
997 9104.3982487048761
998 9104.3982487048761
999 9104.3982487048761
1000 9104.3982487048761
