10 28.585252169807973
20 27.902178480857856
30 44.230041523764612
40 36.459930735707076
50 46.629854794414314
60 45.968301844530743
70 42.440848500986704
80 40.829727541335615
90 47.180863046616196
100 44.246630581107638
110 47.263112562858623
120 40.536366075988553
130 33.704482093079605
140 30.319425061764832
150 27.710918729558671
160 27.217954401616680
170 32.783755016416308
180 30.577217506982834
190 30.304060264149484
200 21.962192040841728
210 16.376294955355661
220 23.147626896957263
230 43.661409878532595
240 46.706748812225214
250 45.685369816325874
260 43.835333546734091
270 46.455754926756981
280 47.266909070350721
290 24.494491273073436
300 26.588974900793346
310 24.082304522093182
320 24.951605357650351
330 22.042449321802451
340 20.658046731653030
350 21.675425451321644
360 12.407582458700745
370 12.167826707014228
380 20.481996807221094
390 19.155451237764737
400 20.665248411090488
410 18.191206681042786
420 17.786145790090814
430 18.864655322657654
440 24.726858645667562
450 27.670905943156413
460 20.792166484798145
470 20.060170176705014
480 20.771203838389283
490 16.007995411179309
500 12.551100954496178
510 19.120592064740777
520 19.007610884787027
530 20.936265942174487
540 24.014697853323469
550 26.588438065994069
560 28.208580297482058
570 23.213111789690629
580 10.529397188873190
590 12.732293414043852
600 17.435754800158975
610 15.204535758728071
620 18.969410654126932
630 14.197166783671946
640 21.772548354794708
650 22.931323902891108
660 29.448944143273366
670 24.811549882854706
680 23.121805125173523
690 16.456456887623972
700 18.528578474524693
710 20.695247995646241
720 19.463203053287543
730 24.156065175307958
740 23.922876915155030
750 26.502933417839358
760 27.733439570396058
770 31.428588727111219
780 23.182517971724337
790 24.517511002448828
800 26.674610317664246
810 27.410591661819581
820 24.277837670251756
830 44.473982355534645
840 33.385365549668222
850 37.888807320080559
860 28.826596913047524
870 32.587071914777425
880 34.294681643274544
890 33.651133395941997
900 32.099310480926306
910 26.807004697282082
920 26.319020786994315
930 24.357780834138339
940 27.799461655798495
950 25.728563683464472
960 18.754668366017995
970 20.927697066963901
980 18.771037470280589
990 22.877761208919765
1000 22.533301674268841
1010 27.230454176013609
1020 30.653143579817424
1030 23.727651318646622
1040 22.568819526385141
1050 22.015063758710767
1060 26.186393373992814
1070 21.467072045326404
1080 24.543247095256447
1090 25.667266663930150
1100 33.077547691325890
1110 27.948299869156926
1120 39.034324811009810
1130 46.610614031829300
1140 31.430818730726514
1150 27.200229130099615
1160 25.989534470912076
1170 25.475797710891129
1180 27.560032225465420
1190 21.925262756669781
1200 26.499570074074654
1210 23.284496325699365
1220 18.137134292128394
1230 14.181745493037852
1240 10.262314971511842
1250 7.6927296617914189
1260 8.9034165362700151
1270 12.854644222950355
1280 18.095120081472032
1290 19.571540172662935
1300 12.975575007672887
1310 11.155538161474396
1320 15.698236859206190
1330 11.188957148170175
1340 17.183536679827739
1350 14.073630193678127
1360 12.183774617185918
1370 14.134804267501750
1380 11.443405558871291
1390 7.4505320163289079
1400 4.8447844115826237
1410 4.7571702456266403
1420 3.7250925686998930
1430 5.3070487804470767
1440 6.2355121029354459
1450 10.110165013841197
1460 8.6391741544416618
1470 12.610015308238872
1480 9.9214481443377736
1490 13.318495994778914
1500 18.047563703124979
1510 18.976142264100872
1520 13.245047204962702
1530 10.046940801624714
1540 6.3060684557249269
1550 5.6211386747822880
1560 4.8233622633197237
1570 6.0400808274152959
1580 6.3583784611782912
1590 1.6063551752108658
1600 0.98172882094377256
1610 3.3742817950351314
1620 1.1696504160281627
1630 0.85032926074472981
1640 2.3448426927784571
1650 1.0607402989062400
1660 2.4387346385301503
1670 -2.3219739729915996
1680 -1.1655997886505240
1690 -3.6491632873508020
1700 -4.4692381692784684
1710 -2.6341478548588380
1720 -1.0820477861107061
1730 -5.2738794560145825
1740 -2.5090104318323934
1750 -6.4486162904277071
1760 -11.408132597950953
1770 -7.6479807630257701
1780 -2.3838804804172464
1790 -3.8148674591743652
1800 -8.8601743081981112
1810 -7.6512697731477592
1820 -10.946811742534010
1830 -7.3992922859301862
1840 -9.0491514916325286
1850 -7.5464600585396502
1860 -3.5716623995554069
1870 -1.3542609470205202
1880 -2.5507626380685902
1890 -7.0827423130567686
1900 -3.6720985382098656
1910 -7.2403817228018843
1920 -9.0048377942853222
1930 -11.149067637537883
1940 -10.393023547583198
1950 -13.095383451603539
1960 -12.712749285768496
1970 -12.588445016852347
1980 -11.484361970832651
1990 -10.311754769557865
2000 -8.9957605595545829
2010 -10.979373077546825
2020 -7.7044390462187939
2030 -6.2569240180241641
2040 -7.3660153799764876
2050 -7.7056760002101319
2060 -11.710371193876199
2070 -6.2117393562284624
2080 -6.4771449039199060
2090 -12.943627530870344
2100 -16.734846512212243
2110 -15.057135608516091
2120 -12.138656125184298
2130 -15.857144092115504
2140 -20.365542743766127
2150 -23.467151917161118
2160 -20.255791165564005
2170 -22.804173745631488
2180 -26.420976460832208
2190 -32.300680936409208
2200 -38.547940690797532
2210 -38.857888746614208
2220 -34.677616615635998
2230 -34.556210800835288
2240 -30.642587813706996
2250 -22.972639572325988
2260 -15.658666712578906
2270 -18.181766958807202
2280 -10.198735186655995
2290 -10.261447636653429
2300 -12.563470186878931
2310 -10.456672782958321
2320 -15.572314232635563
2330 -12.006096465475366
2340 -17.986442630482998
2350 -19.399686142711744
2360 -18.158602557189170
2370 -24.658113100606442
2380 -26.099787235594704
2390 -27.958959412268541
2400 -15.253946372909923
2410 -17.417258608348220
2420 -12.367371912389444
2430 -12.477100389819043
2440 -16.697736014083603
2450 -12.069611125186384
2460 -18.275193126601607
2470 -12.889731867902810
2480 -5.2328334838771289
2490 -8.5916237494466259
2500 -10.480755968969333
2510 -4.9494881617292767
2520 -4.3638218236942512
2530 -7.0860971832016721
2540 -5.1445898247675350
2550 -2.8653362803552223
2560 -3.8269027144228853
2570 -1.1550066604886520
2580 -3.4269873366906718
2590 -5.0818331544573985
2600 -9.5952748791219165
2610 -10.034122378614029
2620 -14.306995820941211
2630 -18.590955827341531
2640 -18.692560213746219
2650 -12.683975284960070
2660 -5.1838873362212317
2670 -7.5733411964260986
2680 -11.457458292919000
2690 -15.494512280239633
2700 -17.798920517758233
2710 -14.266497858577623
2720 -15.538129670384933
2730 -15.834093459332507
2740 -12.616864618514683
2750 -16.680624254968734
2760 -18.946865430426897
2770 -17.986325502306499
2780 -19.048629842098308
2790 -18.653093256673856
2800 -10.224836546301958
2810 -10.614058431552621
2820 -18.274006074037516
2830 -16.999282936194959
2840 -14.605054419283533
2850 -21.882162019147472
2860 -18.809903608598233
2870 -12.818393618740629
2880 -23.374454457045886
2890 -29.716231566811075
2900 -24.845220333018005
2910 -23.472473171684214
2920 -24.976269880631662
2930 -21.660215255988987
2940 -14.404880773169680
2950 -16.633098117818008
2960 -12.741514794280647
2970 -13.338091728629024
2980 -15.683160971550478
2990 -17.907925807470747
3000 -15.223692160293012
3010 -17.917664373017942
3020 -13.183480710794811
3030 -10.315814653512462
3040 -14.322394743366203
3050 -13.072368570119579
3060 -7.8096353187670493
3070 -10.338676030889019
3080 -9.0186000319690720
3090 -16.383013447914891
3100 -19.842508915745384
3110 -21.809764313840333
3120 -27.040600709442970
3130 -34.912852144609133
3140 -21.753031083020687
3150 -13.267173673027173
3160 -17.527386747950914
3170 -13.708116005580450
3180 -22.167434506164227
3190 -24.810024414254713
3200 -25.895469827773468
3210 -16.509023574139519
3220 -14.246524397589383
3230 -10.019519712282545
3240 -10.321647093863703
3250 -11.673753026217128
3260 -9.4107535185553388
3270 -12.597124111709036
3280 -14.112554273116530
3290 -21.918338233139821
3300 -14.336362188078965
3310 -15.595210237694573
3320 -9.9119108534159750
3330 -24.637758679279614
3340 -24.929842919519615
3350 -25.107239642865352
3360 -18.267040974318206
3370 -9.6637776436195963
3380 -10.281811319212466
3390 -13.787056559944176
3400 -16.998835276829595
3410 -10.279928690692032
3420 -11.409154432332798
3430 -12.830108629032566
3440 -9.1268187145146840
3450 -5.2936971659205483
3460 -5.9736684879485438
3470 -6.4790227725879959
3480 -17.988988915742084
3490 -14.151054911757001
3500 -12.905527272047493
3510 -11.747878012646652
3520 -6.5832118464818450
3530 -6.2285142893288139
3540 -7.7164603156065823
3550 -1.3909671761439308
3560 -4.7172337944207356
3570 -6.5027377519318179
3580 -7.6294576803347809
3590 -10.204513017852605
3600 -13.503129158112642
3610 -15.495827962949534
3620 -15.230175954662627
3630 -9.7806885962645538
3640 -9.6771069060641821
3650 -7.8097657913112926
3660 -16.994634342745940
3670 -10.445789626689475
3680 -15.276400642671433
3690 -13.019032438049180
3700 -33.893474448362213
3710 -30.912002089692123
3720 -36.815724959014005
3730 -42.082508763159694
3740 -44.791536531551174
3750 -37.875841353665692
3760 -33.951663256044867
3770 -33.761890420736563
3780 -30.845519218155459
3790 -27.913712258852229
3800 -34.951414074147124
3810 -34.793464814741128
3820 -38.232828943500863
3830 -41.538132580727051
3840 -29.177011222772762
3850 -36.662762737646972
3860 -25.167590153922447
3870 -26.974539468469629
3880 -31.278416619569271
3890 -26.182867105407695
3900 -22.160730015791160
3910 -33.659356649743131
3920 -23.883323330393523
3930 -18.020230995037309
3940 -20.452482787025474
3950 -17.062041400901762
3960 -20.647773497734761
3970 -15.607304541037138
3980 -21.176100962130022
3990 -23.043185305919906
4000 -26.083133096869005
4010 -27.434261670767228
4020 -17.144125487888232
4030 -10.361023753455356
4040 -19.152281888711968
4050 -19.027521311983037
4060 -20.861980298435810
4070 -17.342730069400204
4080 -18.048108261832567
4090 -28.430715237589993
4100 -23.341222314572406
4110 -16.312071661634945
4120 -25.584356981701603
4130 -27.737463123176440
4140 -25.576885637331998
4150 -23.396823204301199
4160 -24.451544561149603
4170 -16.862824708799053
4180 -11.500900420384824
4190 -20.559120212388734
4200 -23.333119112043278
4210 -33.635657994555913
4220 -25.352765942667702
4230 -33.721065675387308
4240 -34.786640766761593
4250 -44.348837004609322
4260 -30.508805895458863
4270 -33.779993030866535
4280 -36.821213451583390
4290 -37.921934633584442
4300 -29.364546506650640
4310 -30.759432418747565
4320 -29.474601951184013
4330 -43.390016778374047
4340 -51.955516759777311
4350 -51.914169377620510
4360 -43.411660774170741
4370 -34.360960563190019
4380 -38.244691336561118
4390 -32.689412334311328
4400 -36.662667321581921
4410 -40.404041379934824
4420 -40.600934318620148
4430 -55.022939303313706
4440 -64.560294524394067
4450 -58.429214459797549
4460 -67.663926498347337
4470 -80.471649259170135
4480 -72.084392888024468
4490 -62.434910200499417
4500 -62.704756134658965
4510 -79.135042756927305
4520 -63.970666314022310
4530 -65.585925397875599
4540 -62.201410900460814
4550 -58.059786690211695
4560 -73.944320081767273
4570 -67.079917911532903
4580 -63.072184532149549
4590 -72.766791017108972
4600 -68.453841543182534
4610 -81.496442508695054
4620 -80.994487563025359
4630 -67.517597981059225
4640 -59.046487337409417
4650 -50.156652968939852
4660 -79.447533050292805
4670 -78.348493703913391
4680 -78.138893859491418
4690 -80.447848155431529
4700 -56.062588621736268
4710 -81.549958290656832
4720 -72.976193463533036
4730 -72.090266467530910
4740 -78.777057144373430
4750 -79.445875265479572
4760 -76.315819362681850
4770 -71.847673052189293
4780 -41.767223039441888
4790 -36.457434269545956
4800 -31.068212304698136
4810 -36.806347611991441
4820 -42.818387110288768
4830 -59.001389717098391
4840 -59.867740344216145
4850 -68.089567762045590
4860 -58.803753906629481
4870 -81.523486588916967
4880 -72.981311553952310
4890 -71.350623588000872
4900 -62.253043960125069
4910 -64.439720881230642
4920 -72.786396166456143
4930 -81.677038428119431
4940 -76.864342591270997
4950 -72.552159585891786
4960 -65.351073212139909
4970 -71.246461121909761
4980 -79.832488399172689
4990 -79.562765608499376
5000 -61.421675551677254
5010 -74.779439063143855
5020 -68.460999880069267
5030 -56.956768029610885
5040 -50.768211259412965
5050 -56.143780441656872
5060 -60.201601266967373
5070 -60.565836221174322
5080 -64.701459127189537
5090 -74.165966818809466
5100 -78.704672477387248
5110 -67.164516081960301
5120 -49.902862574959727
5130 -60.719790207376263
5140 -56.979713895472287
5150 -43.307341583293237
5160 -41.554588732265074
5170 -33.390010393989996
5180 -38.005333496350886
5190 -67.919236598655971
5200 -75.297681745219506
5210 -75.889760270701572
5220 -81.370557476543581
5230 -63.620980324277298
5240 -60.980641968161308
5250 -57.571681983957205
5260 -59.979436445249121
5270 -79.062508152279861
5280 -66.350703444145893
5290 -73.178646964491691
5300 -60.891496455433753
5310 -71.000513610019880
5320 -61.181614099753006
5330 -44.604781827404622
5340 -49.784619304170974
5350 -48.575922287749563
5360 -58.541248015368183
5370 -61.233075468351672
5380 -78.754315307446177
5390 -70.271512937496027
5400 -76.934556179819083
5410 -58.988158467601352
5420 -50.504907148538678
5430 -40.634794223028166
5440 -39.165710032823426
5450 -22.591108488828468
5460 -22.966926762971980
5470 -27.581613389528229
5480 -27.048983408717049
5490 -25.354740152647082
5500 -28.417547323866529
5510 -36.643106510840425
5520 -45.911662418092874
5530 -38.226513489968056
5540 -36.467106112013425
5550 -45.177239906081468
5560 -50.654789805943892
5570 -39.109305541413960
5580 -47.207309920509488
5590 -38.189355824665199
5600 -47.093470019441156
5610 -51.359217741972770
5620 -62.477500348656122
5630 -54.201021123327337
5640 -40.379479304493998
5650 -35.145107233973704
5660 -35.594733906326837
5670 -34.241656685018825
5680 -29.061816769663437
5690 -25.949216785638328
5700 -22.856402787418574
5710 -24.581217070414823
5720 -23.754519661704762
5730 -15.078843168046660
5740 -17.903580101131865
5750 -16.439914279439108
5760 -21.247994643954826
5770 -14.281255085743396
5780 -20.108882888543121
5790 -12.108589319436760
5800 -13.054942429901530
5810 -10.482592634327375
5820 -5.8518741559319087
5830 -7.5450814582263765
5840 -4.3476982722982020
5850 -9.1096275917011553
5860 -4.6727756279324231
5870 -8.4487116522041106
5880 -12.470244717373134
5890 -7.7609719154311270
5900 -5.1404766177461161
5910 -0.99669507500129795
5920 -1.2877645095672956
5930 0.65375440996740553
5940 -1.1214614690934464
5950 -1.2482295142272046
5960 -0.81820639787792926
5970 -2.4810231983024091
5980 -9.0690412187454967
5990 -11.923202445470451
6000 -7.5222456527740169
6010 -13.855800033171363
6020 -23.052497471906918
6030 -31.992457994371762
6040 -21.802600716791403
6050 -23.611833905566982
6060 -35.949393455418431
6070 -33.474524418637884
6080 -26.013292135112806
6090 -22.826289930744224
6100 -19.389776514994082
6110 -16.352732055664092
6120 -15.289517109391454
6130 -15.611378805043842
6140 -12.715371231531662
6150 -19.018541991273651
6160 -28.798034851222837
6170 -40.419095334767007
6180 -33.740486412406426
6190 -37.726347054608141
6200 -41.062636597397159
6210 -42.698342765799680
6220 -51.962777441439357
6230 -78.186073439557731
6240 -61.008966662829607
6250 -64.202062307410415
6260 -69.339132112367679
6270 -62.376259637667317
6280 -54.476513866421101
6290 -62.886410069644171
6300 -54.695140245332368
6310 -60.497943875147485
6320 -72.828479474572760
6330 -63.699471385908055
6340 -54.635215727761533
6350 -60.554713979980988
6360 -68.327535271904253
6370 -77.130670137168636
6380 -65.359087531554906
6390 -73.407296930902703
6400 -65.423600806708237
6410 -81.445466648487127
6420 -69.634883744027775
6430 -70.437751865351402
6440 -77.563803091914451
6450 -78.530959297102072
6460 -78.790394460726930
6470 -65.232619776276351
6480 -61.256054940894956
6490 -51.635694848459480
6500 -52.755205269133967
6510 -61.649446220726077
6520 -81.674771277987475
6530 -66.549941710361509
6540 -68.883057702003043
6550 -64.424842447746414
6560 -73.086329220778680
6570 -65.961753578769731
6580 -66.878520000776916
6590 -78.819470933956381
6600 -66.511720621420409
6610 -67.849223371906191
6620 -50.504758521490658
6630 -52.278237009556506
6640 -45.326494773638842
6650 -58.691858150313237
6660 -63.706428750360374
6670 -81.284835479413232
6680 -81.351972397740610
6690 -76.832914127602180
6700 -78.432053421182445
6710 -60.820683069223833
6720 -51.280645456386992
6730 -54.629297195647268
6740 -80.886586257986437
6750 -64.884474571305873
6760 -71.372716767786187
6770 -74.148289459525586
6780 -75.330708987953130
6790 -76.808116619280099
6800 -70.382608033705765
6810 -80.019865960396601
6820 -75.731405883729622
6830 -77.440043754358157
6840 -70.210764169849426
6850 -72.028192772856983
6860 -81.301314040660600
6870 -71.612181903538385
6880 -75.494295175210027
6890 -69.905346621751505
6900 -61.834580929450112
6910 -78.498673892895567
6920 -64.595016872858196
6930 -79.679578610784574
6940 -54.320369055500578
6950 -56.274816043071951
6960 -63.841695406807048
6970 -58.326660266399358
6980 -56.251411148740317
6990 -70.331905105821079
7000 -81.163595185827035
7010 -81.806607562616136
7020 -81.147998904569704
7030 -59.842268317556773
7040 -81.331690018028894
7050 -78.840940497406791
7060 -62.942136278983526
7070 -69.381917682444964
7080 -73.947394820277623
7090 -66.333058915464790
7100 -56.344943843675537
7110 -76.312023138637414
7120 -57.777269993061964
7130 -56.877646783030741
7140 -53.860458314366042
7150 -56.376753801737323
7160 -57.554090882832497
7170 -48.602350546767866
7180 -76.117609476402777
7190 -77.500476346739561
7200 -74.781550760642858
7210 -78.776519560075485
7220 -70.317465477055521
7230 -75.953535308286064
7240 -77.742162746026224
7250 -77.825493352527701
7260 -71.788657454522763
7270 -75.932820650000394
7280 -77.890894598493105
7290 -64.752119599930666
7300 -72.123020959767928
7310 -65.256480611903044
7320 -80.838957848582595
7330 -77.966177382325441
7340 -76.074636412773998
7350 -80.110523316372564
7360 -80.305411291392829
7370 -79.215780094154525
7380 -65.794568238422016
7390 -80.223580800494801
7400 -76.958280001520052
7410 -79.811028959185478
7420 -71.125654441328152
7430 -64.811290368679693
7440 -50.351634913078215
7450 -41.383393309607072
7460 -36.968060127940589
7470 -24.741288663161413
7480 -16.491281615172738
7490 -11.536243185980311
7500 -16.211812206848208
7510 -9.1212756208501560
7520 -12.750452695976037
7530 -14.936288247553875
7540 -12.516175058664885
7550 -10.155573351103158
7560 -8.8765747357401779
7570 -19.066443371421428
7580 -16.633726991831736
7590 -12.676130190118784
7600 -21.669305921694558
7610 -21.651150267822231
7620 -12.495089910039496
7630 -15.629985215217857
7640 -13.611210866091824
7650 -16.508959129675986
7660 -11.516018538664412
7670 -20.686883667815891
7680 -24.113695870275478
7690 -27.106115688752652
7700 -34.634186930631131
7710 -26.746082705395111
7720 -27.172278219527925
7730 -25.574772210502942
7740 -31.793721040246965
7750 -34.852863083860029
7760 -23.493033193395604
7770 -22.901651660014068
7780 -27.148630755166778
7790 -35.323655806416355
7800 -25.486856441511918
7810 -20.729593828642919
7820 -28.564930877447750
7830 -35.343670766094419
7840 -42.675967637238500
7850 -46.324767124340724
7860 -38.556880504056153
7870 -47.650402282835330
7880 -65.529117441555627
7890 -62.651238654368171
7900 -76.488148317703235
7910 -74.093075532278363
7920 -81.530340702668127
7930 -81.730980267710947
7940 -43.451653841395455
7950 -54.244234416961262
7960 -37.478900324144433
7970 -41.137275034950562
7980 -37.457467761034877
7990 -32.209476174249176
8000 -36.024228994398982
8010 -28.974155769062691
8020 -26.387130822075505
8030 -37.482640164363147
8040 -39.840708763639213
8050 -36.920398194675272
8060 -46.973252375038101
8070 -44.386283998283488
8080 -37.728299649676501
8090 -36.679706223927042
8100 -42.445293673556080
8110 -47.813490943273337
8120 -46.098180543016042
8130 -43.324576650794825
8140 -34.070486919403265
8150 -31.698140044758475
8160 -38.185908009476407
8170 -40.504941240836615
8180 -44.622399338347350
8190 -37.706137148694324
8200 -43.538621016579782
8210 -43.638091035898924
8220 -42.695842905655809
8230 -48.560472159780602
8240 -35.860519948793353
8250 -39.096046786451552
8260 -44.462749671120037
8270 -29.979814685839756
8280 -23.372064652199697
8290 -26.462824845963041
8300 -30.240223202223206
8310 -27.791147206152345
8320 -29.704991186731149
8330 -29.863237656244564
8340 -31.154541814641561
8350 -21.391816242135064
8360 -19.356762004941629
8370 -14.901717247348643
8380 -12.420116429052541
8390 -24.449996818389536
8400 -26.376382362048389
8410 -29.831666763146586
8420 -18.634816972048611
8430 -15.585428211305043
8440 -20.752878107210108
8450 -26.672840980009823
8460 -31.232165428074495
8470 -38.366923139169558
8480 -33.167621001853149
8490 -34.342272619013784
8500 -39.743941636163527
8510 -37.951822584440379
8520 -46.370383696450972
8530 -37.324920843367181
8540 -54.329070796409724
8550 -42.882889516276919
8560 -44.494160506884782
8570 -41.748439027070617
8580 -40.194648325835260
8590 -37.686242367678915
8600 -39.069899608977266
8610 -41.803298800489756
8620 -43.044752659164715
8630 -37.773799729683105
8640 -48.282798954549435
8650 -48.807292375165162
8660 -77.092656439473103
8670 -65.167679944396696
8680 -66.631956497933061
8690 -78.730488924926249
8700 -76.369410593719294
8710 -78.663021933630262
8720 -76.370881956225730
8730 -54.601967219169637
8740 -50.278882289994272
8750 -65.795902729722002
8760 -65.535126226774992
8770 -61.599373149389976
8780 -74.882953640248616
8790 -79.716934068533192
8800 -69.297491102628555
8810 -68.203909994713740
8820 -67.602175615523265
8830 -50.879652664717923
8840 -62.954143314793782
8850 -80.372306741851844
8860 -62.971493269684743
8870 -58.709321562886544
8880 -53.585988945266763
8890 -48.706856353427156
8900 -49.106284218166820
8910 -76.122272503217118
8920 -64.955530454646123
8930 -73.377184299000874
8940 -59.816170044084174
8950 -64.379425881509633
8960 -60.223236469134008
8970 -57.852311506715068
8980 -66.119429059591312
8990 -79.396266613098760
9000 -68.123140842919383
9010 -53.608030030150076
9020 -79.171612550772807
9030 -65.749100355541032
9040 -58.567647098594989
9050 -55.939717922609816
9060 -56.564232129663196
9070 -50.765328620276705
9080 -59.903864674039141
9090 -51.991312454835224
9100 -45.743303030122661
9110 -46.891546008425394
9120 -54.733073695032090
9130 -41.794755111971426
9140 -35.274767828939275
9150 -33.774530955745377
9160 -28.404961967831241
9170 -25.056815709275725
9180 -19.302675291636206
9190 -16.962547516786799
9200 -21.968897845018091
9210 -35.336165816978792
9220 -40.509949374530152
9230 -40.158528064413531
9240 -43.632305819458452
9250 -56.198590261735717
9260 -52.323312968141181
9270 -42.507007486683051
9280 -30.236156935700365
9290 -57.334759248284172
9300 -45.979482560276210
9310 -55.733788582341731
9320 -77.180886823133278
9330 -55.045328035862894
9340 -78.166734847582575
9350 -68.863989127215973
9360 -64.983515915056614
9370 -74.400716922694755
9380 -78.934375480820563
9390 -72.293453973991291
9400 -70.946369667215549
9410 -80.155951890347751
9420 -74.053652169526231
9430 -77.361045539972110
9440 -71.032766390590496
9450 -74.599247933907009
9460 -79.188909913960742
9470 -81.962866965997364
9480 -66.987297372905687
9490 -80.118866688379057
9500 -70.134496244272214
9510 -74.138858537285614
9520 -80.901671271806663
9530 -78.559920995171069
9540 -69.180078781198972
9550 -76.990900908391268
9560 -65.723222223791709
9570 -65.444318394780112
9580 -77.406233469998369
9590 -75.098025587759821
9600 -67.740920766759245
9610 -65.190426989714979
9620 -79.667074045974005
9630 -75.678491207060688
9640 -70.497949033479472
9650 -63.805511279350867
9660 -68.457641747379967
9670 -70.566077651666092
9680 -73.352178027738319
9690 -68.438774341512726
9700 -72.920713548352978
9710 -75.361717553587368
9720 -75.832699335983307
9730 -76.671428327033482
9740 -70.700264580362273
9750 -71.448692305987606
9760 -65.595392624189117
9770 -77.403953050770724
9780 -61.024844354789820
9790 -64.157752815172898
9800 -80.826843398874644
9810 -64.579839713446745
9820 -59.271428892619952
9830 -70.964836899222064
9840 -59.795457584538781
9850 -56.568158951284204
9860 -61.511455328752163
9870 -58.022346295380885
9880 -44.884857847706826
9890 -41.779245209036162
9900 -21.200665017381652
9910 -14.213323542986927
9920 -4.5945862473367916
9930 -13.013318365310170
9940 -8.3470425629011515
9950 -3.3482002507439570
9960 -2.8094523247250431
9970 -5.2623140002274331
9980 1.7845640209961862
9990 5.0223233656461170
10000 7.5881650247551997
10010 8.8357321309213148
10020 6.2935482376992704
10030 4.3839514980736576
10040 6.0093386641128754
10050 7.5593688555063645
10060 6.3605412621254809
10070 3.4693472022895553
10080 3.7275391953517105
10090 3.6536447565003987
10100 8.5518429163935252
10110 10.414139548492585
10120 10.957237602797704
10130 12.413022811131214
10140 13.376556227608944
10150 20.579402780809687
10160 17.722326995268759
10170 23.933805319946259
10180 27.474718997686523
10190 27.449117331729667
10200 20.637814931282264
10210 20.748465842768837
10220 23.884389194729465
10230 20.362908483646152
10240 19.021732484606673
10250 14.007095909551936
10260 29.498799200105168
10270 29.939634093862878
10280 30.400237859838853
10290 37.831353081061934
10300 44.316384770105287
10310 39.316484816141838
10320 39.572637314340682
10330 39.196789750166317
10340 44.345360978335520
10350 40.763353019235637
10360 39.708808765267349
10370 32.089271342820211
10380 21.251184481910059
10390 13.853451127590688
10400 13.136384488864678
10410 19.061980400600532
10420 16.866979593394262
10430 15.355786262342463
10440 9.4772019903989531
10450 10.295167534269240
10460 18.616561030234152
10470 15.717576532451403
10480 23.990606958285753
10490 21.769769418422129
10500 22.483069269468615
10510 29.026466998632714
10520 26.482241656177393
10530 21.796740676614263
10540 24.008610992321337
10550 23.168882791821943
10560 24.430967022540244
10570 27.241702439692290
10580 29.449690543725410
10590 41.595513770173511
10600 47.090743779863260
10610 46.811332255288562
10620 47.061389113782752
10630 43.050510269471488
10640 41.821752230159746
10650 44.358610359004615
10660 46.037286657514869
10670 46.619492205470124
10680 43.636826428391487
10690 46.664329669812105
10700 46.830776664253790
10710 45.677137668738851
10720 44.395774437628461
10730 43.747833235827784
10740 42.450259001281665
10750 41.626371927762648
10760 47.073504066916939
10770 40.014536150633830
10780 40.506422236738672
10790 40.716616405356945
10800 44.431586376450014
10810 43.536080805963138
10820 46.238789505986915
10830 46.186271928212591
10840 42.832204056250248
10850 46.928997119714950
10860 38.967243688348844
10870 47.407533304474782
10880 46.781441752002138
10890 40.354101762705341
10900 32.669332969188417
10910 40.540335686139770
10920 44.960167174509934
10930 40.589543153736486
10940 41.611339515991403
10950 35.094838939462534
10960 46.748366823587276
10970 39.086370182611972
10980 47.596537477147194
10990 47.293147524670076
11000 40.528085160360206
11010 30.943634868496247
11020 32.845130643632274
11030 37.645519480977327
11040 44.597851894349333
11050 32.802262867953232
11060 47.194804776914225
11070 46.752624290536460
11080 46.721699951572646
11090 46.932466243582894
11100 45.773700076573277
11110 45.255424104066606
11120 42.495177808336848
11130 42.218939001394574
11140 41.299722805293641
11150 35.803719492692835
11160 45.918571444116424
11170 47.576344055448772
11180 41.870283569043295
11190 38.328148257265639
11200 44.261754794258195
11210 45.418479168042722
11220 45.505518585173832
11230 36.310832542044409
11240 31.129410389600707
11250 39.163956393175795
11260 47.569983057901936
11270 46.785451347344406
11280 47.914037546988766
11290 45.960162789134301
11300 31.995616166719174
11310 23.430130692468538
11320 22.643699213433138
11330 23.680614732462345
11340 37.047225630926732
11350 32.297855008246643
11360 26.199964374426145
11370 25.867848036112719
11380 28.671166933557288
11390 21.975178956462059
11400 28.996400825644741
11410 21.598512684193793
11420 19.628511809663905
11430 17.573063055093826
11440 18.702295242073433
11450 18.339131335511865
11460 25.078906173614541
11470 35.792583589739479
11480 23.853779059641965
11490 26.006762109064766
11500 20.452477286453359
11510 28.501525710424630
11520 30.487271499195231
11530 44.101265149589835
11540 47.758837197337925
11550 44.328264628635225
11560 33.985727697281618
11570 39.524764039876118
11580 47.884599578048892
11590 44.815781634541963
11600 40.470546471104171
11610 47.848077322943936
11620 44.894465865399980
11630 41.296938104852416
11640 47.954317241046738
11650 42.807850141769904
11660 25.579837921335184
11670 24.949501026220787
11680 25.119134057401425
11690 24.414175479557798
11700 23.378878575686940
11710 18.013421669811578
11720 18.064381137309738
11730 13.224623098823486
11740 23.392326080993826
11750 18.208016624538686
11760 16.412717194390552
11770 21.043017150848755
11780 26.488916123377749
11790 22.145684874846211
11800 25.500485247096549
11810 32.328554462480952
11820 44.285547936503917
11830 46.299494951100314
11840 46.854338763541818
11850 47.736285092091748
11860 41.791937151527691
11870 47.028313608690496
11880 27.160067439953764
11890 23.823838762238211
11900 19.249520399834637
11910 26.851253957947392
11920 28.274133103589975
11930 27.617780704027155
11940 24.853670629297994
11950 26.873682795022432
11960 30.367306027375434
11970 34.738608100159126
11980 22.774315078138443
11990 27.841751778689741
12000 24.707760765485091
12010 26.532555103974573
12020 16.124471637473562
12030 12.333624881756805
12040 14.042078930533989
12050 7.5911722165969877
12060 8.7639726433967553
12070 16.776099242081727
12080 26.251207593693834
12090 19.211449109956448
12100 22.730957338564622
12110 20.211781631672238
12120 25.140955469538767
12130 17.246341500121616
12140 14.949801172811476
12150 9.8563349988089612
12160 11.570440095376398
12170 9.8228719091057428
12180 7.5288762113445964
12190 2.4847404604665830
12200 1.1080222776313353
12210 5.0151381606156074
12220 3.5910490755491087
12230 2.2394859024720977
12240 3.6893547024774311
12250 -4.8483337115667373
12260 -4.8326789404804904
12270 -5.2249769304517022
12280 -3.8798506180969521
12290 -2.2898392069914730
12300 -2.2867419217323000
12310 -7.6916163489795499
12320 -10.415625443506542
12330 -10.084739385114062
12340 -8.9905142486172736
12350 -9.0476122788177236
12360 -6.0728826989115978
12370 -7.8672089530891745
12380 -9.0736813837365844
12390 -11.629920422953091
12400 -16.213248143903002
12410 -20.152041052817367
12420 -16.993687793036315
12430 -13.992433947332302
12440 -16.444603806535270
12450 -12.401122861480417
12460 -19.763551740109051
12470 -16.503850892943319
12480 -19.331200713726503
12490 -11.310798290292496
12500 -16.616131951361240
12510 -20.939475323195438
12520 -11.708342727344643
12530 -13.537327754461330
12540 -10.923757429477519
12550 -12.913636328579742
12560 -3.6957383271542308
12570 -6.1029165935347001
12580 -8.9111578313322752
12590 -8.9552388617717043
12600 -12.959219437565480
12610 -17.820215998834556
12620 -20.162991657473412
12630 -24.324453565173826
12640 -24.083399681812352
12650 -20.170877994541570
12660 -24.239980293724784
12670 -20.747780845150373
12680 -24.652411413557274
12690 -38.583594046116104
12700 -36.495137900346435
12710 -20.800930723546116
12720 -26.609860946468871
12730 -25.783489806669422
12740 -29.634971579343073
12750 -25.314553207687823
12760 -23.189709447679888
12770 -20.530622824236616
12780 -28.640298245747999
12790 -20.760462439719959
12800 -22.304309299031956
12810 -23.014051906859549
12820 -12.472321591764285
12830 -22.984092002076068
12840 -19.512528585290056
12850 -18.772962002918575
12860 -19.459618698711893
12870 -18.853340619088613
12880 -42.219526473142651
12890 -36.265469361645046
12900 -41.795237800808536
12910 -45.500076623070527
12920 -40.543437372187782
12930 -40.814262398229403
12940 -47.535482596853399
12950 -54.732026783513902
12960 -36.620379941982264
12970 -63.467891715260521
12980 -59.098318666783143
12990 -69.088110225357923
13000 -76.955430929871000
13010 -60.769908907068384
13020 -74.365299402744313
13030 -77.274566572278673
13040 -64.839391766028712
13050 -55.765365287136774
13060 -63.837105445126326
13070 -51.497763478101660
13080 -52.590140592617900
13090 -46.768619235083406
13100 -60.099038163503337
13110 -79.461301459736660
13120 -72.453651705835455
13130 -71.186858921358180
13140 -75.583527603582297
13150 -77.007512297218000
13160 -73.851592351154522
13170 -65.369394308328538
13180 -66.427385319150744
13190 -77.212555957558834
13200 -74.887916230535666
13210 -73.110390643410938
13220 -75.313189497114308
13230 -79.451940320571339
13240 -81.723827072819404
13250 -66.605267343697960
13260 -52.190458346358810
13270 -62.587390912194223
13280 -61.919525473603699
13290 -47.088177539271328
13300 -53.617384838997168
13310 -50.894225561541589
13320 -49.701900212233795
13330 -48.979919855939897
13340 -48.549616072362369
13350 -43.149317109500316
13360 -49.850365267135203
13370 -55.466744531208860
13380 -56.058292577577959
13390 -77.177758629150958
13400 -79.701479796258354
13410 -60.048404443664367
13420 -78.654552729085026
13430 -67.534675957927448
13440 -62.832027088741143
13450 -56.877300090764038
13460 -66.644413285828250
13470 -62.729033399009040
13480 -58.936275462419871
13490 -63.857954013700692
13500 -74.090745893065105
13510 -63.773158712151599
13520 -81.464284777985995
13530 -66.603488319696226
13540 -62.688479419364739
13550 -74.244662773534401
13560 -68.809143062964722
13570 -59.988058301953060
13580 -77.630300838502990
13590 -57.024900345775677
13600 -65.336309679975329
13610 -61.986007508690818
13620 -42.262427208955160
13630 -35.626690825819878
13640 -26.412859998560634
13650 -32.986890500013033
13660 -32.894617255963112
13670 -39.351712881835283
13680 -28.887284180626011
13690 -44.062817276151236
13700 -45.899164057559574
13710 -47.689237530889386
13720 -44.384869663959307
13730 -43.532378828838773
13740 -38.147210917175016
13750 -39.171946808603479
13760 -47.434095125444401
13770 -61.855773468946609
13780 -78.813114166228843
13790 -72.203530516697356
13800 -66.464602903546165
13810 -74.713424771742666
13820 -80.618281365174880
13830 -49.853676900592291
13840 -36.490991950121042
13850 -32.468215919035174
13860 -33.744168936555070
13870 -27.768648028421921
13880 -42.785884327678559
13890 -47.240143797956080
13900 -61.744751893903867
13910 -75.144621915279004
13920 -60.017514246062092
13930 -49.588391744265209
13940 -48.202080314061732
13950 -38.285227141271662
13960 -36.738975115527865
13970 -30.058317325899679
13980 -38.390468241973849
13990 -37.639197957131728
14000 -36.253375140669959
14010 -35.826946789708472
14020 -35.716273752824691
14030 -37.082967756221933
14040 -37.616038587976163
14050 -27.868760825915615
14060 -41.023260383366051
14070 -32.705903243009288
14080 -24.281275569508580
14090 -36.231059923762132
14100 -37.480053598178529
14110 -43.801969343942801
14120 -56.930227399791420
14130 -68.676760943518275
14140 -68.298829123045834
14150 -68.357438038220153
14160 -61.516759636505867
14170 -65.519677278862673
14180 -74.537089257638399
14190 -69.741800712708937
14200 -79.930816159290316
14210 -67.096648719250879
14220 -63.485588767134232
14230 -63.987564044842657
14240 -56.318229216778946
14250 -48.665029833923199
14260 -54.837536674364856
14270 -64.002898378573718
14280 -65.027060023845934
14290 -67.801195852708133
14300 -59.195836779847923
14310 -51.338464517411921
14320 -58.629655430434013
14330 -65.254495602172938
14340 -65.631679776409328
14350 -74.232209307639550
14360 -78.233103670579567
14370 -78.774691096051811
14380 -75.066111336954236
14390 -81.124806682230883
14400 -59.648058833711730
14410 -60.755491833860106
14420 -58.741885538843690
14430 -63.805273675923672
14440 -73.353093145232833
14450 -76.171220081835600
14460 -78.265051801259688
14470 -76.892374452258991
14480 -81.794278993725584
14490 -55.904930574020455
14500 -52.998767972325822
14510 -54.448101219902128
14520 -49.704899280869540
14530 -60.476826767354851
14540 -40.911508661821244
14550 -55.588594033095887
14560 -64.792395762854994
14570 -74.380319713684912
14580 -70.745638806139596
14590 -65.908671868556212
14600 -64.254461244575850
14610 -53.016043545906086
14620 -54.554153144783868
14630 -58.922248321762709
14640 -59.682284306206384
14650 -47.802249172034408
14660 -62.963655271552852
14670 -77.708420465299241
14680 -63.824314772838989
14690 -66.993031485295887
14700 -62.918855851290118
14710 -67.791934059708183
14720 -72.343626029963161
14730 -76.984691832936733
14740 -67.572409893026816
14750 -79.239221213522796
14760 -80.396747681748820
14770 -73.371542331812179
14780 -64.119307429559285
14790 -79.359921024128198
14800 -67.031005325500701
14810 -50.251940661110439
14820 -54.500416686768403
14830 -42.153348776555504
14840 -44.489210476208427
14850 -48.794415878865948
14860 -48.693482698897697
14870 -61.270952140961526
14880 -48.031323127834639
14890 -45.727771379268688
14900 -50.256723479460106
14910 -59.249953584294872
14920 -40.816531931764075
14930 -38.860240515460191
14940 -31.305722825800331
14950 -30.452697324708879
14960 -30.821735182270913
14970 -33.952218068813636
14980 -23.094184167705862
14990 -29.222438478097502
15000 -23.260202250664406
15010 -19.145777794670721
15020 -23.419850402481188
15030 -23.220339155141119
15040 -21.907849395211542
15050 -16.395002341746476
15060 -20.308008134730244
15070 -18.216313010786052
15080 -24.796191878525406
15090 -29.693056054622502
15100 -24.174801687962372
15110 -25.479073669192985
15120 -18.045533620746937
15130 -15.997987371706131
15140 -13.838845839924033
15150 -16.113759414186916
15160 -13.351820907313595
15170 -16.860459635292045
15180 -14.230839631445633
15190 -11.332719482771608
15200 -13.880869155112123
15210 -14.105714286014518
15220 -14.196655723864296
15230 -11.587100141204246
15240 -16.230510259363200
15250 -19.437946219648893
15260 -12.165029229449374
15270 -17.979998325505676
15280 -20.399096306574393
15290 -23.341147585093495
15300 -29.599564759407713
15310 -26.512963233969913
15320 -31.338957782080797
15330 -39.630553225857966
15340 -39.062915893710851
15350 -42.205065138551163
15360 -57.438276707875957
15370 -53.452588749655206
15380 -67.599385263499244
15390 -56.636698730783337
15400 -54.159425892416039
15410 -44.984133578724595
15420 -48.974472315760522
15430 -43.212697079027748
15440 -40.106201426680400
15450 -32.400736476334714
15460 -38.746805754204161
15470 -32.057432063646957
15480 -34.480627229848778
15490 -44.416312657790968
15500 -24.602935621558117
15510 -26.194409171075222
15520 -14.072773092294028
15530 -24.781274855477022
15540 -20.709570753471780
15550 -20.619423597248897
15560 -17.400582170043435
15570 -17.463213122858178
15580 -16.945912870148732
15590 -14.216030024183965
15600 -15.302547903479990
15610 -14.221155731766885
15620 -19.513892275337184
15630 -18.965666595598577
15640 -13.570796827945287
15650 -18.136677740550113
15660 -19.504558187763450
15670 -20.590468110263828
15680 -22.781264826557162
15690 -20.328795462655307
15700 -26.260263537868468
15710 -29.250201534130156
15720 -30.989546078286367
15730 -35.158058607299154
15740 -40.274287665968586
15750 -38.774927216812102
15760 -43.531418616847986
15770 -42.754238535297645
15780 -34.942661793042589
15790 -30.726007535133704
15800 -28.347452890476688
15810 -28.201425304303484
15820 -30.607466778016715
15830 -36.251528702695396
15840 -35.886286992671558
15850 -44.646571017587121
15860 -37.760859854609862
15870 -26.462536986587565
15880 -30.268665236106244
15890 -26.665792047822833
15900 -13.986133140940183
15910 -17.810054266191401
15920 -26.947081825406258
15930 -33.301558327886141
15940 -36.305608505178498
15950 -32.382560708413166
15960 -35.848015960571502
15970 -29.015810255427823
15980 -23.588992048482396
15990 -38.859266897358339
16000 -48.826231779994032
16010 -48.861681891298304
16020 -54.223999430413187
16030 -52.758915031722154
16040 -40.247073485091732
16050 -44.363226520835724
16060 -35.004180683541108
16070 -33.224609599788892
16080 -31.669415702548122
16090 -34.006009643056132
16100 -32.509133999339610
16110 -37.035892837918709
16120 -34.557730747112601
16130 -42.179383399846301
16140 -39.054061250104041
16150 -45.313709026684137
16160 -52.177182305366387
16170 -56.556810309291905
16180 -38.774234890091520
16190 -34.435669591766782
16200 -26.812782695325041
16210 -25.973448107671175
16220 -20.889292361920525
16230 -22.286220978570782
16240 -29.791610828569901
16250 -35.833876778003287
16260 -26.941982672957693
16270 -22.659997430387648
16280 -23.098790582644597
16290 -24.798414177394079
16300 -25.370529675866692
16310 -20.529852553436740
16320 -25.868756871232108
16330 -28.919586346823507
16340 -24.469503807111778
16350 -27.818178853018253
16360 -33.107558916671678
16370 -33.096580019574503
16380 -29.919334518950564
16390 -32.471331809304047
16400 -35.317508526931306
16410 -40.637604512661255
16420 -27.857207098892104
16430 -26.078491534862678
16440 -28.030713802407718
16450 -28.645970929125724
16460 -28.897583202653095
16470 -28.594002435110269
16480 -36.225721605884701
16490 -36.010479591111107
16500 -24.590268895659392
16510 -19.569022700014102
16520 -26.153028879893100
16530 -19.847834999721726
16540 -21.285746782329170
16550 -19.439171924134371
16560 -20.337262171711245
16570 -17.923196501993061
16580 -21.391583645347964
16590 -27.954466755330031
16600 -32.403999878131344
16610 -30.069966773047781
16620 -30.490030615712840
16630 -22.393961185175613
16640 -19.242467606703940
16650 -21.529330025652143
16660 -23.793988101670493
16670 -20.872627708726213
16680 -19.883957644116890
16690 -21.555048378665560
16700 -29.863009468635028
16710 -34.694765499295045
16720 -29.841402614076742
16730 -16.657187571559462
16740 -25.533253919436447
16750 -20.219431227077621
16760 -13.953700174396090
16770 -16.988008641467786
16780 -9.9960068015780053
16790 -8.7856198253325601
16800 -6.4159866968548149
16810 -10.470932600547712
16820 -14.281641508121083
16830 -4.9858168634682434
16840 -0.54699412501622569
16850 -6.1683340292288440
16860 -1.2852221327084401
16870 -7.6240961363141642
16880 -5.2641023357791701
16890 -1.2458336152562872
16900 -1.3307630169629183
16910 -2.5317433293098466
16920 -6.2115601620375847
16930 -3.8998805840406012
16940 -6.5781202882631069
16950 -13.735527640575128
16960 -17.116872026142119
16970 -19.576122268938434
16980 -27.651378966982975
16990 -25.517081670215703
17000 -28.814872062317590
17010 -29.879308394565214
17020 -23.339282457905028
17030 -23.031502566799190
17040 -26.334390002146847
17050 -25.774397336121638
17060 -26.976151808769828
17070 -32.451452103241536
17080 -31.828400330326531
17090 -40.038200718583084
17100 -30.170398968085010
17110 -35.369320310714102
17120 -49.056016989130967
17130 -79.772112098984053
17140 -49.974110331680095
17150 -63.143813075467733
17160 -50.816292310581957
17170 -43.991156378798678
17180 -51.831007624130052
17190 -47.441790849603422
17200 -49.864772788996106
17210 -40.888149446562693
17220 -27.116426266344661
17230 -31.725983951215767
17240 -29.847046687440070
17250 -30.583808080670678
17260 -27.795515921019614
17270 -35.749316859026749
17280 -38.264649039892447
17290 -44.104051545733455
17300 -40.832093322311266
17310 -47.250896999208635
17320 -46.021504733168513
17330 -52.517593094361018
17340 -46.071960573630349
17350 -45.679821698960041
17360 -43.141246281040821
17370 -45.340718395250860
17380 -45.168042959577178
17390 -30.117523784115747
17400 -33.550465275135593
17410 -34.836362882773301
17420 -37.298272175177317
17430 -32.098195644889984
17440 -34.741546712787567
17450 -39.669978415919559
17460 -36.273318285672303
17470 -42.618713114709863
17480 -38.580974827229056
17490 -43.763876666584110
17500 -43.839267409680360
17510 -48.646526471462494
17520 -76.314426654206727
17530 -70.212575030646803
17540 -57.584059038613304
17550 -72.623566626988577
17560 -81.065622201812403
17570 -81.685634336824933
17580 -59.045643172273230
17590 -58.717615002696675
17600 -80.500676028958878
17610 -73.094823041673862
17620 -58.267332251728931
17630 -60.584779558270384
17640 -72.810624611350704
17650 -55.245718375425895
17660 -72.203830644329628
17670 -55.793871260128981
17680 -51.132558852256352
17690 -63.755868529481177
17700 -69.554356034860120
17710 -64.066827534673394
17720 -53.057814478263026
17730 -67.743294371893171
17740 -63.804321153063938
17750 -79.638118247439252
17760 -74.708398043612306
17770 -81.889452289959536
17780 -78.549288404491563
17790 -75.261900198193871
17800 -62.740734521968989
17810 -48.677301112385521
17820 -62.098789170745476
17830 -64.755123424662088
17840 -57.478075524868018
17850 -65.830755420632158
17860 -57.114566483397539
17870 -48.603243785040831
17880 -56.647973744390129
17890 -66.205761897910634
17900 -70.463170964382243
17910 -77.820160140098324
17920 -68.198543500755932
17930 -64.979172669460240
17940 -79.543148345111149
17950 -53.526244587998917
17960 -81.820725547924667
17970 -77.237430779827264
17980 -81.334362509731818
17990 -73.402811436772481
18000 -75.822783034914210
18010 -75.698681878852767
18020 -81.118737787815917
18030 -78.640225971060772
18040 -79.954663030426218
18050 -80.012517459697392
18060 -79.908836998740298
18070 -73.201748110069730
18080 -77.093922283336724
18090 -74.901222334285649
18100 -72.562646767139086
18110 -81.232927651489263
18120 -69.661054739914562
18130 -50.711128858620214
18140 -30.680947297231796
18150 -33.396662756832939
18160 -28.102982340117251
18170 -30.796175974385278
18180 -41.397089599985520
18190 -40.968002242126659
18200 -36.732196401643705
18210 -35.787862189304178
18220 -37.978253453088200
18230 -38.501442475698695
18240 -42.694861008841599
18250 -49.005621320013233
18260 -57.372621057388642
18270 -54.591744684199966
18280 -56.715879614182541
18290 -63.251031730906561
18300 -79.596976620905480
18310 -71.343347433645704
18320 -55.550431800231308
18330 -77.539225480112691
18340 -52.818358849209289
18350 -71.250483642552808
18360 -79.960891958121465
18370 -50.285533880858566
18380 -45.496712971708803
18390 -62.657448338267386
18400 -61.006903199271619
18410 -78.421635082811008
18420 -62.430831750372818
18430 -71.531322403609011
18440 -56.109066278987484
18450 -59.686573270351346
18460 -56.479816628442677
18470 -43.209817836275306
18480 -52.775695984617869
18490 -42.306213802513867
18500 -45.618781776275682
18510 -41.856231074953030
18520 -46.539587388902419
18530 -32.941720482116580
18540 -33.053979557908406
18550 -31.551102153636748
18560 -31.622468228890739
18570 -26.558373387302709
18580 -29.989581325760355
18590 -26.594274976388988
18600 -35.684866307220545
18610 -34.858087324293592
18620 -28.912371085143150
18630 -32.508550460492188
18640 -29.888083566246223
18650 -22.638893136782372
18660 -31.652001425009530
18670 -37.823360225674151
18680 -39.932152026966833
18690 -43.007750457353723
18700 -47.272196232112492
18710 -46.593516901277326
18720 -46.715670988418424
18730 -34.628873073710565
18740 -28.421380231206058
18750 -25.345939577825447
18760 -30.868553164261357
18770 -41.915803156562561
18780 -43.237094775879086
18790 -41.756641700843375
18800 -37.555294375989433
18810 -42.078426250852772
18820 -52.062630274434014
18830 -36.307701179421656
18840 -45.398991735327854
18850 -37.017608284945709
18860 -39.957040603404948
18870 -44.481718149362678
18880 -55.410452066186281
18890 -56.240947795145985
18900 -64.397615190114266
18910 -71.946217992529455
18920 -69.066185196660626
18930 -75.428783208206369
18940 -67.794360178620991
18950 -74.352028939167667
18960 -72.698159907749869
18970 -73.034418679651480
18980 -64.988037943509426
18990 -72.811189944796297
19000 -66.596912635312492
19010 -73.750715134473467
19020 -64.606248986314313
19030 -64.089744295219589
19040 -74.201549235277980
19050 -80.972836387354619
19060 -80.626341759086245
19070 -77.696277955223195
19080 -68.824939479526165
19090 -69.972280566792506
19100 -57.378976318358582
19110 -54.309564308981862
19120 -62.231870859362516
19130 -68.533784060658036
19140 -77.526342918338287
19150 -49.395635516695165
19160 -38.082032767395049
19170 -39.234019652837105
19180 -40.898321069651956
19190 -48.102845645457819
19200 -59.797929624520293
19210 -49.917356611336800
19220 -53.774352205586638
19230 -50.290395181382337
19240 -56.773716541369140
19250 -54.879612479690422
19260 -64.283631905966558
19270 -70.661435190499560
19280 -73.208615670870131
19290 -75.937216573369824
19300 -67.165531921500133
19310 -81.043164665175027
19320 -67.120173846251419
19330 -69.855198094988282
19340 -60.704971763541835
19350 -75.732391476908560
19360 -60.870784710917633
19370 -57.080915461447148
19380 -52.778397969020261
19390 -58.629704625677732
19400 -53.367794909644545
19410 -62.765232548573294
19420 -77.341668317323638
19430 -72.327910300182339
19440 -78.226335631883103
19450 -72.638705907153962
19460 -72.217932983796345
19470 -56.805729674289068
19480 -51.127478480675563
19490 -58.615930293697602
19500 -64.880012452981646
19510 -80.057284569972580
19520 -73.915514371740755
19530 -81.020633291471768
19540 -74.413322726704791
19550 -77.167618288414815
19560 -69.737503995826046
19570 -48.916537447644714
19580 -81.006376186576745
19590 -80.898182696545518
19600 -81.193251618638442
19610 -81.736754593663136
19620 -48.505540713894788
19630 -42.391824247194563
19640 -35.105212190982456
19650 -32.900169956542413
19660 -41.636937938186747
19670 -32.529284738217939
19680 -32.528757938634499
19690 -28.917314373119552
19700 -24.377319706500202
19710 -31.895792922650799
19720 -24.650336166590478
19730 -20.813086749851664
19740 -16.309352170915190
19750 -18.052216652657080
19760 -17.814683284972034
19770 -12.448893147288343
19780 -11.353766178372096
19790 -12.926994448805997
19800 -12.279169060234834
19810 -12.417428706018198
19820 -13.793850603312420
19830 -14.209801892366157
19840 -23.503890825116741
19850 -27.980285659920810
19860 -24.767368052624988
19870 -24.842662017172643
19880 -33.816944669732038
19890 -32.109897335787991
19900 -24.944457301430248
19910 -17.467475194115650
19920 -12.374459463351284
19930 -26.996411862002333
19940 -26.543586204624717
19950 -23.185890603053394
19960 -20.191735304038048
19970 -27.296751340327319
19980 -35.008753877192703
19990 -42.455055726430146
20000 -35.773962544223195
