10 13.138261560692627
20 8.3204414166630158
30 8.2850956637689706
40 6.1759104814655075
50 7.5184119672171619
60 9.1416787277144067
70 7.2230078116858749
80 8.2475528951836168
90 13.521587444412489
100 17.433155794083632
110 21.116398082740034
120 23.854431347873287
130 13.940312358294705
140 15.324104444118348
150 14.630689503129815
160 21.939291256288925
170 31.473269165425336
180 29.053370941296180
190 26.830879347807240
200 24.001793001908482
210 23.507459589553491
220 21.640358874980848
230 28.327031190577145
240 22.250247858958573
250 28.434735507319601
260 28.749878858331613
270 26.662263164312662
280 21.490047044750554
290 19.429966961034552
300 18.781562708150886
310 19.928013591024410
320 19.055380895312737
330 17.440734497789890
340 11.799732456247966
350 6.3831195312004638
360 3.7340900705394233
370 1.8442136791641133
380 6.1117717867432475
390 6.3949330056016152
400 5.2989247803961916
410 5.6379696471267380
420 10.356563551891213
430 8.8260795994724504
440 2.7079098859308033
450 3.6853742679741117
460 4.7127917865213931
470 7.4204259656107752
480 8.9818647136457912
490 9.2520824210187129
500 7.4561958014783158
510 9.4034860129195295
520 8.4909892898499493
530 6.2264658685407994
540 1.3450910155152087
550 5.4016157318765181
560 5.3551765652314316
570 6.5390209749630230
580 9.1832905164728800
590 11.685217509968425
600 10.203959927436699
610 11.199065344880182
620 8.2987630526686189
630 9.2729480707803305
640 8.4166115247908238
650 4.6184168273603063
660 0.89016528113825188
670 5.4579535187358488
680 6.4097817724341439
690 -1.6688008949163304
700 -3.5924779603869865
710 -3.6324252904432797
720 -5.1010847051038581
730 -11.222611516640427
740 -14.112410305951016
750 -15.675198185800582
760 -16.612716416491821
770 -18.406069985445811
780 -21.464961381328976
790 -21.161698521339986
800 -9.5053371692692963
810 -15.918659647374170
820 -10.792433190867996
830 -14.194010846013498
840 -12.337600229716372
850 -9.1960928964963387
860 -10.460107792312101
870 -11.523558036803024
880 -8.2931951739051328
890 -14.579331956371334
900 -7.2774829496734128
910 -1.7735428054388649
920 -1.6272108844873401
930 -10.006220796796697
940 -9.2194689015218501
950 -9.0594411825609313
960 -1.8112474172894508
970 -1.7520589386335814
980 -2.3032242919134660
990 -3.5442574617950413
1000 -4.4301341621135180
1010 -0.61922023631268530
1020 -6.5175806645625016
1030 -7.1809672374174625
1040 -5.4369970959396596
1050 -7.3988484497003810
1060 -19.466562683750908
1070 -17.793982364046769
1080 -9.9503480791654511
1090 -13.018859437297124
1100 -18.862340752052205
1110 -13.405588553899634
1120 -17.626196935197640
1130 -30.697870708081609
1140 -20.549584747769131
1150 -16.122257311796602
1160 -28.649025241338222
1170 -22.027072186923306
1180 -25.339039395765212
1190 -24.241981782425228
1200 -18.207040239386515
1210 -19.501134587967044
1220 -19.380142548728600
1230 -19.330791597615189
1240 -10.314338986072471
1250 -11.751349096838112
1260 -6.0253426565091104
1270 -4.2796299604769956
1280 -5.8408347303670780
1290 2.6421125609635965
1300 2.8532107581577293
1310 5.3261759298616198
1320 5.9391177548827727
1330 9.0759981298397179
1340 6.3954090896013440
1350 9.2267163220844850
1360 11.126162893581295
1370 7.4930379317229381
1380 15.886095477347226
1390 12.958551342780538
1400 15.729028485014624
1410 14.509042166300333
1420 9.1642283161208979
1430 10.197284824393137
1440 7.2609438443114414
1450 9.8994657339553669
1460 11.627146539914975
1470 14.643751082755443
1480 9.2355178343227635
1490 17.819874505308690
1500 9.8011004319473614
1510 10.248725665778238
1520 15.520128912462042
1530 18.222293912855548
1540 22.023554961021091
1550 23.676830048905231
1560 24.065321406370458
1570 21.777693273203113
1580 15.953913409394318
1590 22.413081540603798
1600 19.838532386091629
1610 22.242513246475028
1620 11.318851434230965
1630 19.678119573997719
1640 30.304117270747611
1650 26.059334346257401
1660 28.396007304034356
1670 28.924314905114443
1680 29.661728738297370
1690 31.318965933648997
1700 30.684092339135532
1710 24.717893463026030
1720 24.456526866396416
1730 18.036929643153144
1740 20.252687393412089
1750 16.382401000128084
1760 22.001683956826582
1770 19.635008315986852
1780 22.836043833924123
1790 15.466767156251080
1800 20.173729054660271
1810 27.842111815917178
1820 25.540110299315529
1830 29.724316563188495
1840 23.810404587634821
1850 18.455309532167121
1860 13.689008247872152
1870 10.022465650481536
1880 8.2353627604547910
1890 9.2122975879328806
1900 8.2407431416945656
1910 3.6816984526913075
1920 2.1657979274259560
1930 6.4525357371958307
1940 8.3321998121750767
1950 3.9555697678497381
1960 6.4777056033312874
1970 9.1931846076986403
1980 17.717049680805303
1990 18.631209682946519
2000 9.0508586582773205
2010 10.075671471292026
2020 7.5223236013671340
2030 10.626335082587502
2040 10.134389859017574
2050 7.1872791361793134
2060 5.3904978955706611
2070 8.2355463835419869
2080 10.011725658142950
2090 1.5850728587483900
2100 -0.83699381767064551
2110 -3.4748763551315278
2120 -2.6764404780533368
2130 -5.5463407631100381
2140 -10.599885457443634
2150 -11.634498463210548
2160 -19.046948367501500
2170 -16.267299889234891
2180 -17.811909693339658
2190 -12.945534475007207
2200 -11.226141330113478
2210 -15.227177729386312
2220 -17.583776871429109
2230 -21.240764733968717
2240 -28.710838873615558
2250 -20.772096549656453
2260 -19.501495218348282
2270 -12.967684991871465
2280 -18.510504086601941
2290 -18.232407013134434
2300 -23.642943362267488
2310 -29.199204575063959
2320 -25.512171104570825
2330 -33.244639617711982
2340 -41.600042032840520
2350 -36.284751569896798
2360 -41.876793000004000
2370 -43.460097003622650
2380 -59.070787165960155
2390 -50.385960918372803
2400 -44.325513360532568
2410 -56.579772385205615
2420 -58.748258360596537
2430 -59.204005840417722
2440 -60.189105689486041
2450 -55.105036539507182
2460 -52.661927291365373
2470 -59.215021754365353
2480 -61.437701298757474
2490 -52.627423645367799
2500 -57.329184552188053
2510 -50.838071927999863
2520 -40.230264507241372
2530 -36.869829483744525
2540 -37.494673331395916
2550 -39.266437689425402
2560 -34.234596225453970
2570 -45.985732663299586
2580 -58.514425468876652
2590 -53.385159780000322
2600 -61.609166787626236
2610 -56.359451497378359
2620 -45.190826251988710
2630 -61.386189948499123
2640 -59.404600399406718
2650 -57.592838601897256
2660 -52.113338988543092
2670 -59.304709386436571
2680 -52.904531691258398
2690 -51.183083468603854
2700 -54.596064329827641
2710 -50.117423083142057
2720 -51.029946708292300
2730 -59.324378255552801
2740 -59.289181487267797
2750 -61.761898154812570
2760 -56.746663844098293
2770 -52.005056973239789
2780 -45.441558872245878
2790 -52.755006270590457
2800 -59.057142918746194
2810 -47.791938147026485
2820 -46.286375265844072
2830 -43.297200646655256
2840 -61.342551451336021
2850 -52.760584865919100
2860 -50.440791125006854
2870 -61.949947242714643
2880 -49.992038112999580
2890 -57.554449347128411
2900 -48.354697317175123
2910 -52.318497898721034
2920 -56.125792358023318
2930 -55.412895281446254
2940 -55.718513388460906
2950 -61.323305066500325
2960 -59.829373628179837
2970 -52.579367236384314
2980 -59.544610066966925
2990 -58.326993656453396
3000 -43.651020541130038
3010 -50.863290582015452
3020 -33.424374709397853
3030 -46.253142783213207
3040 -53.229978758034576
3050 -58.707385520086518
3060 -60.267616352687583
3070 -58.844175249714226
3080 -60.733857940851522
3090 -58.703637386206992
3100 -58.412019940621576
3110 -51.337385744625863
3120 -61.278983398261516
3130 -59.155691431245941
3140 -56.507823346702480
3150 -56.582445438048580
3160 -54.996790915396105
3170 -50.657127436143583
3180 -32.160457464276988
3190 -32.984309590843623
3200 -32.595117806887174
3210 -34.265884860290953
3220 -40.081389839679559
3230 -51.074890736461384
3240 -46.538432064586232
3250 -51.255822112242186
3260 -60.086527752846905
3270 -55.615932924964909
3280 -47.546273749985630
3290 -60.611718091854527
3300 -56.463373843085265
3310 -60.111344207357433
3320 -46.632853248601805
3330 -44.555476089297372
3340 -48.234877058163420
3350 -58.210061022461105
3360 -53.760029072767793
3370 -49.378125610368897
3380 -46.600916702886934
3390 -56.230111495222900
3400 -60.640132361022097
3410 -61.996731611155610
3420 -58.255709039920021
3430 -61.584022268617446
3440 -57.336170961502376
3450 -60.007503917805025
3460 -47.887908323400097
3470 -50.001711298228201
3480 -42.262970461125406
3490 -46.976674415364869
3500 -43.711849671219625
3510 -41.034534905257260
3520 -33.061372840737931
3530 -25.396432777231439
3540 -18.873097049507578
3550 -25.206586521415829
3560 -16.547272523226638
3570 -23.624047357676773
3580 -20.259872224700302
3590 -23.729480149122082
3600 -21.943053645421969
3610 -24.123528872644783
3620 -20.019953649984927
3630 -20.597631082300268
3640 -16.619253356504942
3650 -12.125047590749091
3660 -18.170514784438637
3670 -16.931602041462156
3680 -13.140084487238255
3690 -19.504348747162112
3700 -22.252692771752209
3710 -20.736200731489589
3720 -24.332560342404122
3730 -26.693372553150311
3740 -35.810312791633805
3750 -51.339818940124132
3760 -54.025718479828811
3770 -43.489076852545622
3780 -44.415196082712555
3790 -51.844336616800319
3800 -59.019344237799487
3810 -46.330404982769778
3820 -47.838880019402040
3830 -58.315417731467278
3840 -42.625314990069910
3850 -42.745781627265387
3860 -35.584370322817904
3870 -41.448684704247626
3880 -41.548049854347937
3890 -51.627105097050844
3900 -55.188752916804788
3910 -46.490302334751505
3920 -40.492099076791419
3930 -36.109296502133475
3940 -52.042535110424069
3950 -47.095285750710445
3960 -49.380383087371229
3970 -61.584983319598905
3980 -52.296669929492964
3990 -51.915050761715975
4000 -55.984822829624136
4010 -57.544629294152855
4020 -61.564546417489055
4030 -61.551582530401447
4040 -61.244907791981859
4050 -61.004298733381802
4060 -59.594885736015840
4070 -51.037025107902537
4080 -48.116912654346379
4090 -36.633731731841181
4100 -35.962710692282144
4110 -45.215477182657651
4120 -59.336064633297156
4130 -56.391403239155807
4140 -60.942623671545789
4150 -57.599550016644571
4160 -58.602190281616458
4170 -61.145401472839239
4180 -47.066710501211219
4190 -60.293469827167883
4200 -54.656051778462370
4210 -42.377305052147221
4220 -50.059678237802018
4230 -56.158739513744877
4240 -51.825527580089329
4250 -53.350080070950753
4260 -59.785542177885418
4270 -41.109755316253541
4280 -39.754845465098697
4290 -37.822417518345901
4300 -43.086237453084323
4310 -51.701506091714236
4320 -35.782852604475011
4330 -40.939772670144066
4340 -47.558725555539695
4350 -53.418335525173006
4360 -51.518155973533339
4370 -52.056433453369209
4380 -53.371595834229538
4390 -47.254910932171242
4400 -48.706211964618888
4410 -44.324229711219232
4420 -34.078360620861986
4430 -44.575401982823678
4440 -48.930647518958267
4450 -50.198625442843422
4460 -52.789243366589290
4470 -61.003765869329527
4480 -60.987783673992908
4490 -43.367356933050814
4500 -48.642392117933923
4510 -53.456775729880064
4520 -41.699056735420982
4530 -33.880439573397780
4540 -25.202023002117130
4550 -28.281464037398564
4560 -32.465184725480867
4570 -30.306366386593709
4580 -31.736955928411589
4590 -18.992154315907555
4600 -17.371424866770212
4610 -28.686798375244052
4620 -29.839685221439595
4630 -22.928677084370975
4640 -27.711990240545219
4650 -26.582478383807938
4660 -19.312142800848505
4670 -17.489928081113703
4680 -14.202326981053375
4690 -13.002832759554167
4700 -8.8590784642669860
4710 -9.7260186075227466
4720 -10.396328148632620
4730 -9.8034348097266957
4740 -16.114997616487472
4750 -14.005008225479287
4760 -18.619752291819168
4770 -15.910627806946650
4780 -22.873642576161728
4790 -17.796745780071888
4800 -21.750118936578929
4810 -13.551112470136104
4820 -18.676612977592413
4830 -24.452795706429697
4840 -27.763856194941582
4850 -42.144239608769112
4860 -40.708823022454908
4870 -37.758777735507010
4880 -37.839915263001330
4890 -42.964366166382206
4900 -48.684106518567660
4910 -34.486385678794250
4920 -28.099706262186828
4930 -30.563124939619229
4940 -34.241247703279441
4950 -38.856571085624182
4960 -59.982125453404478
4970 -54.882355894551438
4980 -55.237083841858293
4990 -51.449448547014072
5000 -45.172842561420566
5010 -48.076511148615737
5020 -57.192518247816224
5030 -46.618416306142080
5040 -37.444287675269607
5050 -44.594464248298209
5060 -38.434621108590363
5070 -44.293206482072947
5080 -45.392474227665844
5090 -46.423677465838409
5100 -47.479710809645439
5110 -47.850237904697224
5120 -49.448724421402403
5130 -43.218844274240837
5140 -42.078960168563299
5150 -44.681279609543708
5160 -46.756809275314936
5170 -51.558482144791014
5180 -52.723916159651253
5190 -60.044752553478702
5200 -58.090809984485986
5210 -59.356504678850797
5220 -61.796364965935027
5230 -49.477983975431471
5240 -42.019848393111261
5250 -42.427145268150525
5260 -50.960349333463455
5270 -43.205348186259016
5280 -34.839586875934856
5290 -34.461870685121085
5300 -43.723179141060882
5310 -36.921434437904736
5320 -28.257658775977688
5330 -32.607178577629838
5340 -33.357406672835168
5350 -25.986935978471593
5360 -23.413029261436805
5370 -23.661832453253282
5380 -28.946067885005505
5390 -18.361233575338701
5400 -10.898955983008818
5410 -17.650809359317918
5420 -20.874958421417432
5430 -15.611013627671582
5440 -15.260146437267849
5450 -15.912755041206765
5460 -10.692520635277560
5470 -16.558209613970121
5480 -15.373153520301003
5490 -18.739822672322589
5500 -16.524130060604875
5510 -17.576830870410049
5520 -19.814310218030641
5530 -23.191119956730745
5540 -22.951104789006422
5550 -18.758973034742667
5560 -16.436966587248207
5570 -19.557940950071952
5580 -14.517631092393913
5590 -9.5462666510379677
5600 -13.389972705510445
5610 -18.754478917561300
5620 -20.752050946206509
5630 -16.402376833219478
5640 -18.715821222204795
5650 -13.023113058185118
5660 -12.036313544073892
5670 -5.8317015811167039
5680 -13.632710895785749
5690 -24.127391876169440
5700 -14.408726653419762
5710 -9.3385825181549080
5720 -10.036633621506098
5730 -12.882037026749913
5740 -15.652135263938362
5750 -22.980221154050014
5760 -23.058927801670961
5770 -23.902429023686182
5780 -31.529175324659718
5790 -33.335378892923018
5800 -37.116741055349848
5810 -44.208175219621353
5820 -42.204154135740737
5830 -43.521269964422572
5840 -48.058294285964621
5850 -39.177336657014166
5860 -43.069670062256591
5870 -53.983037298237832
5880 -47.327696938430563
5890 -56.012262736257071
5900 -46.930010313305047
5910 -58.318640548723579
5920 -60.445142665410003
5930 -51.385696451116928
5940 -39.993965544120329
5950 -42.736979558191251
5960 -55.473362766410901
5970 -55.130706112613098
5980 -61.973638697788829
5990 -53.454014321124305
6000 -50.177808855355579
6010 -57.832910829866705
6020 -60.971021147553984
6030 -61.279945124396818
6040 -42.426376642264131
6050 -57.407325479302926
6060 -57.173115259518454
6070 -60.714030246323546
6080 -59.354644804667714
6090 -60.314186032326234
6100 -53.861221305081017
6110 -60.013695371655558
6120 -49.594186986901150
6130 -45.190751547718264
6140 -61.813079614551498
6150 -57.547977668801650
6160 -49.562430858155039
6170 -44.229154855172055
6180 -53.745195978428910
6190 -55.805175096500079
6200 -61.885069356145323
6210 -59.143303833900973
6220 -57.894445486017048
6230 -61.848390194970762
6240 -58.888095206348225
6250 -60.602773313243233
6260 -52.372182124473511
6270 -56.164099780221022
6280 -61.203613065259105
6290 -61.504024538942758
6300 -54.574055420797777
6310 -56.734329431334118
6320 -61.453140314587472
6330 -57.153865735110685
6340 -52.900691437534533
6350 -61.898699449544438
6360 -61.927836547294191
6370 -60.388046558851784
6380 -56.806023726785043
6390 -57.009068782365830
6400 -59.208501577065817
6410 -55.112501826737116
6420 -54.315088428997569
6430 -48.686944212324761
6440 -47.699011178964156
6450 -58.953001814844811
6460 -58.129246497309396
6470 -61.489427738744325
6480 -59.497320029835919
6490 -51.807491142269100
6500 -51.788188875292690
6510 -55.287867629181619
6520 -48.070755853333594
6530 -60.147915755872418
6540 -56.528439325614727
6550 -57.624656125489764
6560 -57.518777260314891
6570 -49.824061254121716
6580 -52.466588709171447
6590 -57.807108106966552
6600 -61.276880291324233
6610 -58.707178785159158
6620 -60.986385901492213
6630 -41.702450803780266
6640 -50.947834903019611
6650 -61.110194140845124
6660 -59.548357028064856
6670 -50.282655097813858
6680 -43.884313319192643
6690 -51.042778868298683
6700 -58.076246482866736
6710 -50.237650600431607
6720 -57.348801841506429
6730 -59.322437153259216
6740 -57.563363171900164
6750 -57.039254547291421
6760 -39.105004986322911
6770 -40.375235698146298
6780 -38.150661557190233
6790 -31.656353953009784
6800 -25.007751853618174
6810 -24.458666270027607
6820 -23.686631241223949
6830 -22.496750388570490
6840 -25.054779447503279
6850 -22.727513001303123
6860 -21.255744486232288
6870 -23.934210607435489
6880 -18.502560811069543
6890 -28.440416042608831
6900 -32.837410840366829
6910 -38.999313751140562
6920 -34.697415546845605
6930 -28.675434255104847
6940 -36.159766673663853
6950 -39.406348250228802
6960 -57.132425025126850
6970 -48.639733513899955
6980 -52.145095896733437
6990 -49.403648500247073
7000 -42.809338010265947
7010 -54.628998510922884
7020 -52.253751376345917
7030 -55.773834917389195
7040 -56.400351212439546
7050 -59.383566447882458
7060 -51.989579628158481
7070 -52.832838020695363
7080 -58.367093010584085
7090 -54.080256908682713
7100 -56.278510765793726
7110 -59.173135645502498
7120 -45.043277701918669
7130 -50.128543700652699
7140 -59.274844508590832
7150 -52.606311437554268
7160 -44.361170655552996
7170 -46.783108994933173
7180 -36.758650900939301
7190 -44.533606075769057
7200 -61.096026451167290
7210 -39.930140342361028
7220 -42.229012437977872
7230 -35.362706799962325
7240 -46.541668871439470
7250 -42.499133116318262
7260 -27.688286084950050
7270 -21.872891003935820
7280 -22.072120806952626
7290 -16.503564115912923
7300 -16.907161603169698
7310 -11.059419811042062
7320 -17.170035484608434
7330 -19.513367716110679
7340 -24.116541584889092
7350 -19.132590232784423
7360 -18.863403270961044
7370 -16.736990351955683
7380 -18.079948381239319
7390 -21.431419784596073
7400 -21.108512425834306
7410 -27.144779970770287
7420 -21.871749014489524
7430 -12.528935813431417
7440 -19.631135790995359
7450 -16.479520225972010
7460 -12.109957214377573
7470 -15.443349648651747
7480 -12.994543150463414
7490 -0.44531186383392196
7500 -8.7228857482518833
7510 -1.5089848913003152
7520 -9.2690465575287817E-002
7530 -2.4471161267324533
7540 -0.84394852156765410
7550 -1.7449358592948556
7560 -0.71448606985313745
7570 -2.7447592677244756
7580 1.8362632852490606
7590 5.2416148766506012
7600 6.3223584722863961
7610 1.7854479241109402
7620 -0.48198179363680538
7630 -3.6717819692717057
7640 -1.8398954168173987
7650 -7.1413361305289982
7660 -10.174296636848794
7670 -14.537804310580668
7680 -11.944151846185832
7690 -12.439356412951838
7700 -5.2736539473430639
7710 -3.5761079303410952
7720 -13.559378138394095
7730 -15.128204099516552
7740 -15.526999525585779
7750 -26.884804084692860
7760 -21.261422738406509
7770 -18.679325994767169
7780 -28.574945543610283
7790 -22.086647995481599
7800 -21.367337178673552
7810 -14.111995956272949
7820 -11.734255474092151
7830 -6.5537781108728268
7840 -5.9521688491058740
7850 -13.481585914977586
7860 -3.3176985543805131
7870 -12.000777486111929
7880 -16.001490101030413
7890 -21.444382199757001
7900 -17.973860076100664
7910 -25.031927965268551
7920 -25.443515212861257
7930 -27.064036572533496
7940 -27.157666739336491
7950 -25.249956343742269
7960 -24.799139820309847
7970 -22.840874811975937
7980 -23.479005120824240
7990 -15.718395072647127
8000 -14.743589673434599
8010 -20.979545069830237
8020 -23.226638310710314
8030 -24.788614621208581
8040 -30.122515094134087
8050 -37.785304425899085
8060 -37.158933825369786
8070 -34.762699576889190
8080 -26.713079118866972
8090 -29.863634978256869
8100 -27.937744247313276
8110 -25.188884496498304
8120 -20.607771603635229
8130 -12.587473511901408
8140 -17.378406491950955
8150 -29.429810286126667
8160 -21.943608593153385
8170 -28.922276398899157
8180 -24.343832651858520
8190 -24.594779832940276
8200 -30.067067184309508
8210 -33.917363052385099
8220 -45.244235142664365
8230 -41.898437035133156
8240 -42.871854033501222
8250 -45.515223652305394
8260 -48.031979120029973
8270 -60.280881053723533
8280 -55.852067418377828
8290 -44.331599297885532
8300 -44.915080315694013
8310 -48.466985812890016
8320 -58.789048149665177
8330 -60.836915338686140
8340 -50.965518097844324
8350 -37.013967659284390
8360 -23.647510355101531
8370 -32.935359117688677
8380 -26.367590333673434
8390 -29.540156996763017
8400 -34.743957102692548
8410 -33.370481891021882
8420 -50.954037270053959
8430 -59.590707777203988
8440 -51.036418523400698
8450 -45.424539196288606
8460 -51.153145867162493
8470 -60.580415087684742
8480 -55.514077251816161
8490 -50.342503374820808
8500 -54.326326353615968
8510 -60.298882112710089
8520 -55.327417658994818
8530 -55.020814031405280
8540 -56.654173221319070
8550 -58.295987763155608
8560 -54.428359387126420
8570 -50.525238120206723
8580 -46.132446628503203
8590 -50.335489641740423
8600 -48.030596817960031
8610 -45.149903774720769
8620 -45.863923144692762
8630 -45.635483237112567
8640 -40.563233876481263
8650 -38.584131333758251
8660 -40.459050557766659
8670 -39.395416612151166
8680 -35.280061096038480
8690 -34.909016521533431
8700 -25.813501373983854
8710 -49.187006659105919
8720 -51.164379251901664
8730 -56.494039455918937
8740 -61.353760271005285
8750 -53.348363012105892
8760 -61.155907122129520
8770 -44.435854971543904
8780 -41.442141056261789
8790 -36.591792809420440
8800 -30.224085994257166
8810 -25.956271834638301
8820 -30.430395281273377
8830 -29.863537442802226
8840 -33.601257174583679
8850 -41.534612022925558
8860 -47.525258799455514
8870 -46.337696696895364
8880 -48.458515609906044
8890 -38.623136013424300
8900 -47.460973828645365
8910 -50.303304273027607
8920 -59.982426989399301
8930 -61.414803391424812
8940 -53.994930467059021
8950 -36.002876072598610
8960 -36.965454699420206
8970 -42.363930148155305
8980 -45.603013769144582
8990 -47.257193159236067
9000 -56.771537423831433
9010 -59.984727959099928
9020 -57.438197195081102
9030 -60.971446492915675
9040 -58.314043963597669
9050 -55.572729579070710
9060 -57.538242223302859
9070 -46.369502161109722
9080 -57.031120456584631
9090 -53.680511330576337
9100 -51.032699581168345
9110 -55.771588124966001
9120 -50.610751462054395
9130 -55.631787041040752
9140 -48.363006812262483
9150 -60.716477906844375
9160 -60.149487783288350
9170 -53.977406459371650
9180 -61.763344275440886
9190 -57.065171974132681
9200 -46.328866356153412
9210 -61.801590326852420
9220 -60.397189956101101
9230 -55.431611636647176
9240 -58.444098145348562
9250 -61.455731898123759
9260 -56.197166374010521
9270 -54.505584951677974
9280 -58.366240569014280
9290 -41.276678221441216
9300 -45.663953899344506
9310 -49.061263768488516
9320 -48.121132511207179
9330 -54.626820482939365
9340 -51.045408562246848
9350 -42.832915946416051
9360 -43.363591188101964
9370 -34.777115711364786
9380 -36.349838595151596
9390 -41.579848191292058
9400 -38.374664091837531
9410 -36.562706582526062
9420 -31.778426884840428
9430 -29.020107576479404
9440 -31.891844028164996
9450 -23.396810968645696
9460 -36.851369093466928
9470 -32.504591649260419
9480 -26.220830847270918
9490 -32.647524368713221
9500 -28.463226559678787
9510 -40.784662947635752
9520 -39.437622998322240
9530 -44.322823872757454
9540 -50.058935748272688
9550 -44.675297056712679
9560 -40.669696406916501
9570 -37.796624654870357
9580 -32.120424002030177
9590 -34.852350590899277
9600 -50.005736689251535
9610 -58.106575098987378
9620 -57.360726858108137
9630 -58.318566707083846
9640 -56.986486275594871
9650 -57.074865493711968
9660 -56.842212916950302
9670 -60.053221585564188
9680 -58.025942964094611
9690 -55.934161491207306
9700 -58.132445567347986
9710 -61.710568872093518
9720 -61.831338153750949
9730 -57.040565794763097
9740 -54.513415763292414
9750 -60.243829476130941
9760 -60.316050501993232
9770 -53.328628084545926
9780 -59.002437180226934
9790 -49.360022871507681
9800 -51.996520128403972
9810 -56.384859170853360
9820 -55.482864952232831
9830 -55.902622632624571
9840 -45.928163029765074
9850 -51.084851644439368
9860 -52.442543952587584
9870 -58.271594288225060
9880 -46.101901197935149
9890 -48.572104990654225
9900 -53.051795340969875
9910 -54.283189465306350
9920 -52.360320004241203
9930 -58.129465732080007
9940 -59.270772269997906
9950 -56.751871226304502
9960 -58.439384822917873
9970 -57.852294271976007
9980 -56.788498444472225
9990 -44.801528165217405
10000 -40.651227507044950
10010 -35.305458126218582
10020 -40.146439090014610
10030 -39.457986369272476
10040 -43.786452401793667
10050 -38.941433161926398
10060 -30.725828227540660
10070 -43.416080177836193
10080 -34.428553614637167
10090 -42.471546014395699
10100 -47.298916429100245
10110 -32.012668918617692
10120 -35.015571017314414
10130 -43.720973035985025
10140 -43.102519801364906
10150 -42.405372142309716
10160 -56.306473015320989
10170 -47.988103445802153
10180 -56.727840106944768
10190 -61.188683502957247
10200 -61.945303965228049
10210 -48.987452586463860
10220 -58.679943162500876
10230 -50.796761844560478
10240 -57.181249835738072
10250 -55.451581235034610
10260 -59.199427675568131
10270 -55.995697413531616
10280 -54.197068662720540
10290 -61.300831626935633
10300 -60.573768469205788
10310 -60.244098866176955
10320 -59.369267812261569
10330 -49.551612082156225
10340 -54.591679073406340
10350 -45.075684674212880
10360 -60.258569965079460
10370 -60.296965163415734
10380 -57.759720620888857
10390 -49.758495282349486
10400 -39.310174239759363
10410 -34.437132184537859
10420 -29.855323883103210
10430 -30.783831034785180
10440 -32.269108210997274
10450 -32.735953915152550
10460 -20.456993424032589
10470 -24.236934249597198
10480 -31.441209678648647
10490 -28.794730003390214
10500 -30.169800548149851
10510 -27.414499457193415
10520 -17.768536402374139
10530 -22.825803817785072
10540 -18.227715972118858
10550 -18.416185544489963
10560 -8.9182309667698973
10570 -6.9034963305339261
10580 -3.3507873359608311
10590 -4.6199908395819875
10600 -7.2874066833960569
10610 -2.5731130008666696
10620 -3.5773886368533567
10630 -11.148350708911039
10640 -4.4761148272041282
10650 -12.039328450022367
10660 -7.8032349114796489
10670 -3.5668603821027318
10680 -2.7364529666137969
10690 -5.5677098030573688
10700 -7.6770793591267648
10710 -15.992183215734258
10720 -10.735796160885457
10730 -17.900938510981632
10740 -16.415478588667156
10750 -16.903535403559545
10760 -19.653687810692645
10770 -22.478636522327633
10780 -18.830088912059182
10790 -19.429389355989315
10800 -25.897944459184146
10810 -13.077900994781885
10820 -28.063014673104590
10830 -15.458225515642425
10840 -21.420348932902016
10850 -20.002268689526773
10860 -12.779339478138354
10870 -8.0522844411184451
10880 -11.798649835626293
10890 -7.1530857344801007
10900 -8.5800927860082083
10910 -9.3425333536206381
10920 -15.926151212565856
10930 -17.608015189815433
10940 -22.489064989329108
10950 -28.553819644049327
10960 -42.002833340056895
10970 -29.252429725732327
10980 -33.639424776763008
10990 -43.297933344369085
11000 -39.871228022604100
11010 -51.483274659275139
11020 -48.191995336306718
11030 -57.942947785054912
11040 -61.369343712830869
11050 -52.096036236703185
11060 -54.228270628470455
11070 -61.512187410789011
11080 -61.621734086226752
11090 -57.430156633787647
11100 -55.578276628082676
11110 -60.533664995599793
11120 -51.317506537975078
11130 -53.548364406127348
11140 -56.856382930818654
11150 -51.760201884940216
11160 -59.334177674033072
11170 -47.909422170443577
11180 -44.926622525169023
11190 -54.701750870414799
11200 -60.908642638697529
11210 -40.390979906381745
11220 -42.520780418552931
11230 -39.718249370926969
11240 -35.789491603248734
11250 -40.445894555095947
11260 -37.194297156844186
11270 -34.077967141402951
11280 -28.225093846335312
11290 -32.316400035586412
11300 -32.354240026059415
11310 -44.947439651105014
11320 -37.966645778284601
11330 -54.076084486028321
11340 -59.344781776463606
11350 -54.948961109305401
11360 -59.435722943747805
11370 -58.722573501751413
11380 -59.996838542650494
11390 -55.022379874526450
11400 -51.764654088754469
11410 -61.681334659219374
11420 -56.996070015187797
11430 -33.627470251663908
11440 -39.838982366813525
11450 -37.706262168199373
11460 -40.640758543442189
11470 -33.306812121210896
11480 -24.206925374364346
11490 -20.257609233547555
11500 -13.704336959889588
11510 -14.940434778025065
11520 -26.778382942965891
11530 -23.353287846345211
11540 -16.711997997531853
11550 -23.118735698954879
11560 -24.340467560843535
11570 -33.753947633071675
11580 -41.320981859857056
11590 -57.283351356816183
11600 -47.499925778149645
11610 -49.212069382806476
11620 -58.453129745866590
11630 -61.252988182779518
11640 -60.539241761746780
11650 -58.413500376259435
11660 -54.620042168363852
11670 -49.625280640155779
11680 -61.889738407330697
11690 -61.704503375829518
11700 -61.551937738697688
11710 -58.298878340625379
11720 -56.567774442743485
11730 -57.086982151385200
11740 -59.536937710298389
11750 -54.819460632285427
11760 -55.360643295292903
11770 -55.081792874972962
11780 -54.748958290555947
11790 -57.469632080655174
11800 -59.939159196125729
11810 -56.774864883063856
11820 -57.433490684386925
11830 -56.903284179740695
11840 -59.549554068124053
11850 -60.973293062228549
11860 -58.978590741019616
11870 -45.296603031159520
11880 -41.566931546419710
11890 -44.129918724740946
11900 -46.418412803546744
11910 -50.878907237463864
11920 -44.135530545522215
11930 -61.475820072445913
11940 -51.091374668664685
11950 -50.805258226619117
11960 -47.123113152207225
11970 -37.979465103195707
11980 -29.909279386839899
11990 -31.018509544368044
12000 -28.924015138642062
12010 -30.630940145669229
12020 -28.667502329795752
12030 -31.601051246087081
12040 -22.162021531405117
12050 -16.554820031801682
12060 -19.946203040449745
12070 -13.837467603637833
12080 -16.034760833564633
12090 -20.012754433927967
12100 -15.804572834670580
12110 -20.187313617636391
12120 -15.974046455425196
12130 -13.727631161494173
12140 -14.096884710193081
12150 -19.582722000953709
12160 -25.335625109805733
12170 -17.425898534793760
12180 -22.684536894925714
12190 -19.413062943516707
12200 -26.231595121101691
12210 -33.600226527526502
12220 -24.664408983988778
12230 -42.344109336429028
12240 -37.471438323892926
12250 -28.264314829118575
12260 -27.782581729593858
12270 -23.296903108127481
12280 -14.632932000207802
12290 -19.369853536170922
12300 -26.677876083557749
12310 -31.286244155483018
12320 -22.663187169438970
12330 -17.415294875272139
12340 -12.613697272020090
12350 -11.207533342833358
12360 -15.663171913577571
12370 -9.6210098669066610
12380 -6.0631388243291440
12390 -11.614858056011144
12400 -14.681891382977938
12410 -15.882061269641781
12420 -18.404973387831433
12430 -17.786574944087533
12440 -21.103527596931144
12450 -23.433298682042732
12460 -21.630351513464575
12470 -27.561147988926223
12480 -30.953514106479815
12490 -30.805328192657726
12500 -25.282274574296480
12510 -33.004615638190444
12520 -38.060282578082933
12530 -34.489288800735267
12540 -36.540245762642826
12550 -32.453806405286741
12560 -35.166039773536340
12570 -35.831524401051411
12580 -31.510772389694466
12590 -19.837544420647191
12600 -25.164554802265229
12610 -27.778598602676993
12620 -32.250009573349871
12630 -44.258931277215197
12640 -35.507518572618210
12650 -38.592812234469420
12660 -37.391659024639011
12670 -30.723658948538741
12680 -36.167399435008520
12690 -45.913725350750155
12700 -49.811685611544817
12710 -51.077408601136540
12720 -61.815037889794894
12730 -38.909842923870201
12740 -44.349726676872706
12750 -57.610036400727950
12760 -39.700987596656887
12770 -44.592000966886189
12780 -51.882360919612893
12790 -36.177705882274950
12800 -22.802009064692356
12810 -22.515880043001744
12820 -26.892318473763680
12830 -24.076439982559350
12840 -24.939420244771100
12850 -33.765921226093724
12860 -39.327916052243836
12870 -48.608020355182816
12880 -61.194160293254299
12890 -44.245948947095712
12900 -35.468914572988979
12910 -26.078773529238788
12920 -25.068473349971555
12930 -25.787309124581043
12940 -25.286396620093910
12950 -25.241189462535658
12960 -27.863352498525273
12970 -22.057562602801227
12980 -22.556581521937915
12990 -17.399780629923953
13000 -15.756444634746003
13010 -14.885232360933514
13020 -14.684378575533174
13030 -7.4226172615772157
13040 -21.409828813014883
13050 -33.814534561755409
13060 -36.566965102844733
13070 -33.539382591483445
13080 -40.921350520856777
13090 -34.029858852429697
13100 -29.539409905198681
13110 -33.249869116866648
13120 -33.686397124632549
13130 -40.595684096613695
13140 -53.354883974686800
13150 -61.270225375203154
13160 -57.654892635646320
13170 -61.096797262373912
13180 -57.866390846184458
13190 -38.857367317501030
13200 -28.781815869832371
13210 -47.000285889729184
13220 -38.702571924119638
13230 -40.555229121981938
13240 -36.778767303381301
13250 -39.049777014472511
13260 -47.067651870907412
13270 -57.539950417666205
13280 -56.538182732278983
13290 -52.652799532568224
13300 -44.240589300676220
13310 -38.720629957812889
13320 -33.895762444542470
13330 -30.323551331400267
13340 -30.720572042649110
13350 -35.976642998825810
13360 -29.526260823924986
13370 -29.184353537981679
13380 -35.370543220431045
13390 -31.574485639197519
13400 -25.969666731954021
13410 -33.432976135954050
13420 -37.520464461321808
13430 -32.259479110356551
13440 -24.432323646990426
13450 -24.306546828544015
13460 -17.594130119975944
13470 -9.0476303896948593
13480 -16.081051120402208
13490 -15.215697920002185
13500 -15.359909083982529
13510 -22.570597976770387
13520 -17.183821786331919
13530 -31.497188870212995
13540 -33.834213569622534
13550 -24.387767842252288
13560 -19.097176145046888
13570 -16.587844620103624
13580 -15.851908522625763
13590 -7.3789732015634399
13600 -6.1663821506967906
13610 -11.087136457060296
13620 -7.6873842594523012
13630 -4.8722598557337733
13640 -9.8121312985804252
13650 -9.2437697599489184
13660 -9.0355430289741889
13670 -11.206892160518237
13680 -9.2999744652829577
13690 -10.794955470870718
13700 -10.982467682027163
13710 -16.287061659330448
13720 -29.691498479216989
13730 -33.363996489849796
13740 -35.356007929901807
13750 -34.685896711990608
13760 -36.925356855312657
13770 -32.272778026497235
13780 -37.299961738882303
13790 -32.904404175785658
13800 -36.255250743496163
13810 -35.052438812940636
13820 -22.222130457018920
13830 -18.693433896894021
13840 -25.948443252708785
13850 -17.215654381386230
13860 -20.427601779433189
13870 -33.219969904371737
13880 -24.395200186309921
13890 -24.111383240552641
13900 -12.796608185165042
13910 -22.053316205279771
13920 -22.003898344856225
13930 -20.657906676608036
13940 -20.720459998082788
13950 -18.934881470363052
13960 -13.497666688078425
13970 -13.737550557957547
13980 -21.764586799929930
13990 -24.219633918767613
14000 -28.091921886885757
14010 -34.381494750885395
14020 -21.559064561358809
14030 -27.010940222454337
14040 -29.568398591314690
14050 -36.055305318530372
14060 -34.549163267347922
14070 -29.143641833788479
14080 -14.052014166416939
14090 -5.3260501800491511
14100 -2.5076158538463460
14110 -8.6839776688748316
14120 -4.3619350071235203
14130 -2.6619610923612527
14140 -1.8006259790240620
14150 -3.6752467035139489
14160 -10.206410323819455
14170 -6.4104126881784396
14180 -5.1909390080836602
14190 -6.1802604764720854
14200 -9.9228926162859352
14210 -9.8185119761501483
14220 -13.788096287569715
14230 -17.394966938529706
14240 -19.665706580130063
14250 -26.940374360534406
14260 -30.359096730470355
14270 -20.238260063285452
14280 -18.634984852852540
14290 -22.655650268179670
14300 -26.777132669835282
14310 -29.505254158374555
14320 -27.434777121727166
14330 -23.383213005688958
14340 -28.126092520134534
14350 -36.927252925449920
14360 -29.132773977386023
14370 -30.132899235773948
14380 -28.135984319557792
14390 -19.272252397352986
14400 -9.9020633770551285
14410 -17.229620919217268
14420 -19.663719787009541
14430 -14.909755231698909
14440 -10.259213702591751
14450 -17.509386429755523
14460 -18.727089882277596
14470 -23.448681395017957
14480 -20.630205182142163
14490 -25.986105987979045
14500 -32.757341790085320
14510 -28.918308348119353
14520 -36.872607966931355
14530 -53.938316620321075
14540 -48.980126986026789
14550 -53.185215598593004
14560 -49.997567097230331
14570 -37.967988062806398
14580 -41.319230151259490
14590 -38.439510751381022
14600 -49.235972502117420
14610 -45.453394429928721
14620 -44.011331975303619
14630 -40.022260266860030
14640 -33.755933836524491
14650 -29.144060323084432
14660 -20.877521598923977
14670 -20.734149453372538
14680 -27.305923893221006
14690 -19.631479397065959
14700 -13.755774474687314
14710 -16.996824526160253
14720 -28.889933348963496
14730 -16.738902913003130
14740 -17.683879977754259
14750 -20.318344374140906
14760 -24.920057686730161
14770 -25.860943834483351
14780 -24.871969533109677
14790 -33.187934259177837
14800 -40.155129436728657
14810 -32.548697717320920
14820 -32.827646335013469
14830 -20.901501847153668
14840 -18.738731399404969
14850 -21.402200672180697
14860 -38.537633114901382
14870 -25.521657768770183
14880 -33.581368469871450
14890 -38.274922153710577
14900 -30.909966054584856
14910 -37.617721456101208
14920 -42.310923215984531
14930 -42.189319649791287
14940 -44.427096103059284
14950 -53.053576877975502
14960 -56.980671686751521
14970 -54.006775201871278
14980 -61.767302605238910
14990 -52.840456998617810
15000 -60.602159285224843
15010 -58.903452057645154
15020 -59.139871134913392
15030 -47.864611945865818
15040 -61.301108962404214
15050 -55.515596761186771
15060 -47.059861229607577
15070 -40.663588226040702
15080 -42.981172320246515
15090 -49.933282170350594
15100 -52.286095376308822
15110 -40.142338404745715
15120 -42.740995576987189
15130 -46.737558830471244
15140 -36.840698388280543
15150 -44.811950105948654
15160 -32.450745375249426
15170 -31.951217281422032
15180 -36.301120576310041
15190 -28.069630966143450
15200 -29.103213961631354
15210 -34.935666213355944
15220 -31.049938238674713
15230 -28.182854431053329
15240 -36.647796587975790
15250 -31.160217042863223
15260 -49.268706766836203
15270 -49.660116386869504
15280 -49.654947330966024
15290 -42.315953600421835
15300 -36.497049985839112
15310 -50.444464422973397
15320 -43.329253453777710
15330 -57.822027598804198
15340 -56.932388657508000
15350 -59.390103723261291
15360 -43.732950779835846
15370 -44.225683128078799
15380 -29.762690482060862
15390 -30.878371257552317
15400 -28.200114725461845
15410 -43.417188301781152
15420 -44.696205665741218
15430 -33.482150469324552
15440 -40.592136430074333
15450 -33.518224032174658
15460 -25.140440253700035
15470 -23.559508455208288
15480 -21.133075477927832
15490 -32.601528043125199
15500 -40.050778117640220
15510 -50.283961154375902
15520 -61.119852527359853
15530 -39.544205822428012
15540 -34.617399179672248
15550 -38.077478432733642
15560 -34.155544175431714
15570 -27.182888229426680
15580 -22.471491579192389
15590 -34.399116913451962
15600 -35.991135816337646
15610 -38.611066854987257
15620 -33.572630052711247
15630 -33.129384795408896
15640 -43.616637784057730
15650 -44.020863034967988
15660 -29.682949313300924
15670 -31.456298532558321
15680 -26.524730803377679
15690 -32.647349460118676
15700 -28.768908958096745
15710 -35.417674184241150
15720 -33.185625897783666
15730 -24.525693836294067
15740 -28.972289844062288
15750 -23.357521504152373
15760 -28.804696190183222
15770 -26.351321300536711
15780 -25.159415610879478
15790 -25.506883409336297
15800 -25.170868291923853
15810 -23.434522525536977
15820 -25.576273270615275
15830 -23.441012129806495
15840 -19.629299885226374
15850 -27.028899987682507
15860 -22.348743590875529
15870 -17.405435488777130
15880 -19.002944680520613
15890 -23.363398537041576
15900 -31.825253138018070
15910 -32.088160715829872
15920 -29.167981146596048
15930 -26.415666870213954
15940 -21.893981057298788
15950 -17.836993043591519
15960 -19.305528434681491
15970 -19.096713457025999
15980 -20.637859421133271
15990 -22.410955408812242
16000 -17.238852047417367
16010 -15.722852324404357
16020 -12.894796138577931
16030 -14.636721712148301
16040 -14.026906084250641
16050 -29.456632203881782
16060 -19.804949421283254
16070 -29.672538726633320
16080 -33.059683891141958
16090 -37.899580842655723
16100 -32.738534529533808
16110 -31.733259419408114
16120 -38.323663097534336
16130 -37.795362929786279
16140 -37.059011272479438
16150 -32.937680328213901
16160 -36.538400674855893
16170 -46.627973320049477
16180 -50.784043787737573
16190 -53.019502463223489
16200 -53.769441426570665
16210 -60.325667340814107
16220 -61.088053000765285
16230 -47.549159308418893
16240 -49.609906070948000
16250 -46.629585698065512
16260 -32.733345024491427
16270 -29.829453586350155
16280 -33.694247605704732
16290 -23.436760277992562
16300 -20.407046179713234
16310 -24.392228474972399
16320 -22.651964510079324
16330 -30.442695161234496
16340 -40.716864581931986
16350 -27.793327298392796
16360 -36.455171191556019
16370 -41.632219136723052
16380 -52.520400297448305
16390 -37.866830286758614
16400 -35.576666753232985
16410 -36.550566472218179
16420 -47.869838571069067
16430 -44.389474060005796
16440 -51.400197637507972
16450 -40.436171539031875
16460 -42.062304434256475
16470 -55.577355360166621
16480 -45.977785780936756
16490 -40.198172383946257
16500 -46.499281058448560
16510 -58.144374334809072
16520 -41.694111719713874
16530 -36.648758412281495
16540 -40.304243938439413
16550 -29.864027453035760
16560 -26.506634989846589
16570 -23.879691066742453
16580 -29.251206821650158
16590 -32.329153970344578
16600 -35.903321387716915
16610 -35.592905238527237
16620 -41.570927616607605
16630 -40.509836360998634
16640 -42.450711730065450
16650 -39.254739163887280
16660 -35.990433626249342
16670 -31.893370603253516
16680 -22.050730497491259
16690 -16.958659332202387
16700 -20.418043559764101
16710 -19.046508563655152
16720 -20.603375894918372
16730 -27.041245364438510
16740 -26.057962288070939
16750 -21.094689803876008
16760 -12.396844139644145
16770 -9.0597522410339479
16780 -7.6572653061330129
16790 -1.7600395939675764
16800 -3.5449788456039641
16810 -11.545706553169566
16820 -8.2897955347139032
16830 -0.77175582982818014
16840 0.41562714111068999
16850 1.8976979991302869
16860 1.6275521626062073
16870 0.51767528365780890
16880 1.8685441594466283
16890 2.7429621409264655
16900 0.95582321540041448
16910 3.6417730303946882
16920 -2.7789568706639329
16930 -2.3911996431224907
16940 -3.4110261620385245
16950 -5.4366668154134459
16960 -5.4168479623572239
16970 -3.8461766474124488
16980 -9.3559176427179409
16990 -2.7394784268076364
17000 -9.0136489333963254
17010 0.90957028977800292
17020 2.8481930908096729
17030 3.6273788967573637
17040 -0.32469166853070419
17050 -3.6211792397784848
17060 -4.2872352634472009
17070 -2.7369741398174483
17080 1.6893021896476057
17090 6.5968709218414006
17100 2.6938536817306158
17110 4.6354286045552726
17120 6.5705899591193884
17130 13.988077701408201
17140 13.467959161127965
17150 13.152608195675839
17160 13.560524205229740
17170 11.142356001420922
17180 12.875659058628116
17190 14.708392659536003
17200 12.244282723238939
17210 11.299609089729529
17220 15.730908580520008
17230 16.918428342534298
17240 17.330893561364064
17250 18.112591969435471
17260 17.539819130302931
17270 15.242674341624479
17280 13.749107607461156
17290 12.650438329387271
17300 13.672600529157990
17310 13.256480923558229
17320 13.200755995701911
17330 11.047854431129963
17340 11.165773405466553
17350 15.338149509412688
17360 24.710031591243478
17370 24.661952051492790
17380 23.852129937036807
17390 19.975011379805437
17400 29.145167423033399
17410 23.357766594288478
17420 25.065194235333365
17430 30.284483731671116
17440 31.792141623487623
17450 31.772182428247106
17460 25.307727914017050
17470 28.102507873513332
17480 25.789271986661788
17490 28.337395703182665
17500 26.494830105851634
17510 29.564644673348994
17520 22.779272853862494
17530 27.812623692497709
17540 25.619403412285919
17550 31.208919782200155
17560 29.173583479355329
17570 21.397068131802826
17580 23.169963528069275
17590 31.082080017694807
17600 24.010709495464653
17610 20.437024215254496
17620 22.093043947563729
17630 22.372496109941494
17640 17.887636202713111
17650 23.478620302974832
17660 21.853104028613870
17670 22.567547492417816
17680 18.432763669221458
17690 17.374157649101562
17700 16.174883749175933
17710 16.729212496111813
17720 17.895613041880551
17730 13.657085419737996
17740 14.021101022615767
17750 11.917116499964322
17760 12.805063582671664
17770 10.979799057268792
17780 9.3705803550237761
17790 17.293402448137840
17800 19.636499724927489
17810 20.563549121219694
17820 15.759393051241659
17830 13.652360257746750
17840 13.147258953581058
17850 20.543852223224349
17860 21.467076576815543
17870 20.823660610627940
17880 19.693548940798337
17890 21.868762634125233
17900 23.355055320623251
17910 20.766092907736493
17920 19.490147571413218
17930 20.110558594455142
17940 13.897428503438277
17950 13.724273681806153
17960 23.510100278476784
17970 21.267954916403596
17980 23.698009920359254
17990 24.044960120874293
18000 23.841151346671722
18010 20.494430487678073
18020 22.243666010867855
18030 27.940481324492339
18040 18.730933450890006
18050 23.631489246611181
18060 29.206009304729832
18070 23.875901016265743
18080 23.404457026412729
18090 29.112557889873187
18100 22.948655714206325
18110 22.156699465780093
18120 23.140832245088404
18130 28.893204674121989
18140 25.407732992500769
18150 24.276920264097043
18160 24.816813976388858
18170 31.171497678060405
18180 22.162042276793727
18190 13.092641745236051
18200 11.247718372790587
18210 11.981488356516365
18220 7.5256195270003445
18230 5.2063367921446115
18240 9.3926875803772418
18250 7.5230067818947646
18260 7.8881899249486196
18270 10.169187667689584
18280 9.2301879711490074
18290 4.6048733384263869
18300 11.128478824826288
18310 16.686158295255609
18320 21.672225529044226
18330 20.282460841977354
18340 19.986784205473668
18350 14.553059625855440
18360 16.836783882292366
18370 22.379517523303548
18380 21.796244869836755
18390 29.110166538277554
18400 31.680500586058315
18410 23.355120231185538
18420 22.094682414284762
18430 22.605895613934990
18440 18.103940333988248
18450 23.013756783949248
18460 24.438230090979687
18470 31.365207371931774
18480 24.202716972727103
18490 20.390540667498954
18500 30.578869546010083
18510 27.998972055934246
18520 31.330754595528560
18530 31.203906599518632
18540 26.054857785584773
18550 30.492455699699804
18560 31.808201443609050
18570 28.403716295139020
18580 29.505664026064096
18590 26.818176379287706
18600 28.788418049679422
18610 31.718521863716433
18620 29.496034179030175
18630 29.635571409437034
18640 23.703182322534303
18650 31.910595619295691
18660 30.626222122664785
18670 28.800602000881554
18680 21.085424752580366
18690 26.559213681935944
18700 12.240449116593027
18710 15.660930253277911
18720 16.868340623552740
18730 14.379039957385430
18740 23.844266684508511
18750 21.641535345439479
18760 16.752001373048643
18770 20.900811513602093
18780 12.605466793128016
18790 13.991180146107581
18800 12.782703667380702
18810 13.585657265669397
18820 14.240445326713598
18830 20.821524230610976
18840 20.613063676348702
18850 13.151594534604556
18860 10.673907448893260
18870 16.028001711896195
18880 17.265035993953916
18890 16.105772461624838
18900 17.507492301420825
18910 14.950358303249686
18920 16.907570662370290
18930 17.301531606733079
18940 22.118990146821943
18950 19.974968181625627
18960 19.796976722627733
18970 27.144958892953127
18980 27.733589118499367
18990 17.226840291552890
19000 16.629704960736490
19010 12.491892732854922
19020 12.669499682005153
19030 12.494810268460242
19040 7.5364244348520515
19050 1.8118900049521471
19060 3.7497523559991350
19070 -0.10297436121345527
19080 1.8371221245979541
19090 -7.6018821832753929
19100 -1.8325902916717496
19110 3.9602921767063890
19120 2.7982523624923488
19130 1.7266700701457012
19140 -0.77514663222700619
19150 0.86192972881462993
19160 1.7096697775809844
19170 2.6384882000279504
19180 1.8100720180495955
19190 -0.87584545965046345
19200 3.3461726337181972
19210 7.1864194228537599
19220 3.6611401980262599
19230 -1.7032676474050277
19240 -1.4855097100621606
19250 -4.3945973192380734
19260 -11.869784902637093
19270 -19.972392576480615
19280 -15.775173977342547
19290 -12.844941642871618
19300 -8.1028347145634143
19310 -14.892070637041797
19320 -13.312450419317884
19330 -20.203513571113490
19340 -22.311620110451258
19350 -27.301435828946524
19360 -34.885903733335908
19370 -38.578794853795898
19380 -43.330101530616503
19390 -49.362366879279762
19400 -50.992364118149453
19410 -59.550189054321436
19420 -47.037263820371209
19430 -48.011447699087512
19440 -48.114244147246154
19450 -44.480408984748919
19460 -39.506333459561574
19470 -49.804808749087897
19480 -57.224200956123696
19490 -61.150212336940967
19500 -60.520715556962386
19510 -58.510476939907676
19520 -52.041155910532780
19530 -43.224298968601033
19540 -47.582650194078269
19550 -60.608527847817641
19560 -58.289274631898934
19570 -61.429696502745173
19580 -60.685161711806813
19590 -60.304453222320262
19600 -58.322480048237594
19610 -58.330225655430695
19620 -54.055415249518319
19630 -60.658275565716849
19640 -61.365289494895023
19650 -56.429496468290381
19660 -45.356606468449627
19670 -45.956814128807309
19680 -41.534430896201684
19690 -35.667262458758159
19700 -31.428802711641765
19710 -21.221837648433393
19720 -27.054042872097398
19730 -29.642102912916926
19740 -29.950056415153085
19750 -14.838164805559245
19760 -18.357299464866628
19770 -20.960204793084358
19780 -14.810577543602903
19790 -18.572212177785332
19800 -23.486382612542457
19810 -21.954761133428292
19820 -19.129723170397938
19830 -20.582816961569279
19840 -11.030209007802114
19850 -8.3542168964850134
19860 -10.117002529442289
19870 -6.5187851161513208
19880 -3.3432234477249949
19890 -2.3981473394251225
19900 -0.74527493385357957
19910 -4.5731204467360840
19920 -2.7340386928171938
19930 -13.276589443478315
19940 -10.959859997057720
19950 -15.869982871934099
19960 -20.448265037712190
19970 -15.834849585310621
19980 -17.508785501769580
19990 -16.583943155144880
20000 -16.341651610383906
