1 8990.7913926377605
2 8990.7913926377605
3 8990.7913926377605
4 8990.7913926377605
5 9116.2379146486383
6 9116.2379146486383
7 9116.2379146486383
8 9116.2379146486383
9 9116.2379146486383
10 9116.2379146486383
11 9116.2379146486383
12 9116.2379146486383
13 9116.2379146486383
14 9116.2379146486383
15 9116.2379146486383
16 9116.2379146486383
17 9116.2379146486383
18 9159.1706260328228
19 9159.1706260328228
20 9113.5640944856677
21 9113.5640944856677
22 9143.1000808348344
23 9143.1000808348344
24 9143.1000808348344
25 9143.1000808348344
26 9143.1000808348344
27 9143.1000808348344
28 9143.1000808348344
29 9143.1000808348344
30 9143.1000808348344
31 9143.1000808348344
32 9143.1000808348344
33 9166.6460305412584
34 9166.6460305412584
35 9166.6460305412584
36 9166.6460305412584
37 9166.6460305412584
38 9166.6460305412584
39 9166.6460305412584
40 9166.6460305412584
41 9166.6460305412584
42 9164.2156301847390
43 9164.2156301847390
44 9164.2156301847390
45 9093.8142075801079
46 9093.8142075801079
47 9093.8142075801079
48 9119.1374943689061
49 9119.1374943689061
50 9119.1374943689061
51 9119.1374943689061
52 9118.8323109795601
53 9118.8323109795601
54 9118.8323109795601
55 9118.8323109795601
56 9118.8323109795601
57 9118.8323109795601
58 9118.8323109795601
59 9100.7221641799060
60 9100.7221641799060
61 9100.7221641799060
62 9100.7221641799060
63 9100.7221641799060
64 9100.7221641799060
65 9100.7221641799060
66 9055.2121990202795
67 9055.2121990202795
68 9055.2121990202795
69 9055.2121990202795
70 9055.2121990202795
71 9055.2121990202795
72 9055.2121990202795
73 9065.1836958440799
74 9065.1836958440799
75 9214.0492592148476
76 9214.0492592148476
77 9155.2919142241499
78 9155.2919142241499
79 9155.2919142241499
80 9155.2919142241499
81 9155.2919142241499
82 9155.2919142241499
83 9155.2919142241499
84 9155.2919142241499
85 9155.2919142241499
86 9155.2919142241499
87 9155.2919142241499
88 9162.0899967231417
89 9162.0899967231417
90 9162.0899967231417
91 9209.8819705826263
92 9112.2075999324716
93 9112.2075999324716
94 9112.2075999324716
95 9171.3064003183335
96 9171.3064003183335
97 9105.0283893761043
98 9105.0283893761043
99 9105.0283893761043
100 9105.0283893761043
101 9105.0283893761043
102 9105.0283893761043
103 9105.0283893761043
104 9105.0283893761043
105 9105.0283893761043
106 9105.0283893761043
107 9141.9208527638602
108 9141.9208527638602
109 9141.9208527638602
110 9141.9208527638602
111 9141.9208527638602
112 9141.9208527638602
113 9141.9208527638602
114 9141.9208527638602
115 9141.9208527638602
116 9141.9208527638602
117 9141.9208527638602
118 9130.5953618538042
119 9087.9698722414960
120 9087.9698722414960
121 9087.9698722414960
122 9087.9698722414960
123 9087.9698722414960
124 9087.9698722414960
125 9090.9112438414941
126 9090.9112438414941
127 9114.4299673793939
128 9114.4299673793939
129 9114.4299673793939
130 9114.4299673793939
131 9114.4299673793939
132 9114.4299673793939
133 9114.4299673793939
134 9114.4299673793939
135 9132.5145312321274
136 9132.5145312321274
137 9132.5145312321274
138 9132.5145312321274
139 9132.5145312321274
140 9146.7211260550921
141 9146.7211260550921
142 9146.7211260550921
143 9106.3830905766008
144 9106.3830905766008
145 9181.6848017128741
146 9181.6848017128741
147 9125.8208324931911
148 9125.8208324931911
149 9125.8208324931911
150 9125.8208324931911
151 9125.8208324931911
152 9125.8208324931911
153 9125.8208324931911
154 9125.8208324931911
155 9125.8208324931911
156 9122.2180360338189
157 9122.2180360338189
158 9122.2180360338189
159 9122.2180360338189
160 9122.2180360338189
161 9122.2180360338189
162 9122.2180360338189
163 9122.2180360338189
164 9122.2180360338189
165 9122.2180360338189
166 9122.2180360338189
167 9122.2180360338189
168 9122.2180360338189
169 9122.2180360338189
170 9122.2180360338189
171 9122.2180360338189
172 9122.2180360338189
173 9122.2180360338189
174 9122.2180360338189
175 9190.4266575456495
176 9089.1135771142763
177 9089.1135771142763
178 9220.0893970075904
179 9117.8207343490121
180 9117.8207343490121
181 9172.6198542295078
182 9172.6198542295078
183 9172.6198542295078
184 9172.6198542295078
185 9197.3890415966307
186 9194.4895872806155
187 9194.4895872806155
188 9194.4895872806155
189 9075.4135591271897
190 9075.4135591271897
191 9238.0479860265750
192 9148.5568678597629
193 9201.1255741679706
194 9201.1255741679706
195 9201.1255741679706
196 9201.1255741679706
197 9201.1255741679706
198 9201.1255741679706
199 9201.1255741679706
200 9219.1103471275255
201 9168.1297791500529
202 9168.1297791500529
203 9168.1297791500529
204 9168.1297791500529
205 9168.1297791500529
206 9168.1297791500529
207 9168.1297791500529
208 9168.1297791500529
209 9168.1297791500529
210 9168.1297791500529
211 9168.1297791500529
212 9170.0780725058885
213 9170.0780725058885
214 9170.0780725058885
215 9170.0780725058885
216 9169.1167118716694
217 9169.1167118716694
218 9169.1167118716694
219 9169.1167118716694
220 9169.1167118716694
221 9169.1167118716694
222 9169.1167118716694
223 9169.1167118716694
224 9169.1167118716694
225 9169.1167118716694
226 9169.1167118716694
227 9169.1167118716694
228 9169.1167118716694
229 9169.1167118716694
230 9169.1167118716694
231 9169.1167118716694
232 9169.1167118716694
233 9169.1167118716694
234 9169.1167118716694
235 9169.1167118716694
236 9169.1167118716694
237 9087.5901046716590
238 9122.8627336539848
239 9122.8627336539848
240 9122.8627336539848
241 9122.8627336539848
242 9122.8627336539848
243 9122.8627336539848
244 9122.8627336539848
245 9122.8627336539848
246 9118.4543761516816
247 9118.4543761516816
248 9118.4543761516816
249 9118.4543761516816
250 9118.4543761516816
251 9118.4543761516816
252 9118.4543761516816
253 9118.4543761516816
254 9140.6737086175217
255 9140.6737086175217
256 9166.7155706424819
257 9166.7155706424819
258 9194.9700724537579
259 9194.9700724537579
260 9194.9700724537579
261 9194.9700724537579
262 9194.9700724537579
263 9194.9700724537579
264 9115.3281057992135
265 9165.1035724985086
266 9165.1035724985086
267 9165.1035724985086
268 9165.1035724985086
269 9165.1035724985086
270 9165.1035724985086
271 9165.1035724985086
272 9165.1035724985086
273 9165.1035724985086
274 9165.1035724985086
275 9165.1035724985086
276 9151.1518382766808
277 9151.1518382766808
278 9155.1679379525867
279 9155.1679379525867
280 9155.1679379525867
281 9155.1679379525867
282 9155.1679379525867
283 9155.1679379525867
284 9155.1679379525867
285 9155.1679379525867
286 9155.1679379525867
287 9155.1679379525867
288 9155.1679379525867
289 9155.1679379525867
290 9155.1679379525867
291 9155.1679379525867
292 9155.1679379525867
293 9155.1679379525867
294 9155.1679379525867
295 9155.1679379525867
296 9237.4628549592690
297 9237.4628549592690
298 9237.4628549592690
299 9237.4628549592690
300 9237.4628549592690
301 9237.4628549592690
302 9237.4628549592690
303 9237.4628549592690
304 9237.4628549592690
305 9237.4628549592690
306 9237.4628549592690
307 9176.1937911206060
308 9176.1937911206060
309 9176.1937911206060
310 9176.1937911206060
311 9176.1937911206060
312 9176.1937911206060
313 9176.1937911206060
314 9176.1937911206060
315 9176.1937911206060
316 9176.1937911206060
317 9162.8465336856061
318 9162.8465336856061
319 9162.8465336856061
320 9225.7520444203401
321 9117.5298931094876
322 9117.5298931094876
323 9192.2713682707454
324 9192.2713682707454
325 9192.2713682707454
326 9178.6058347603994
327 9178.6058347603994
328 9152.7604005444555
329 9152.7604005444555
330 9238.0078781830252
331 9238.0078781830252
332 9238.0078781830252
333 9099.0678753373795
334 9099.0678753373795
335 9099.0678753373795
336 9171.7243037788885
337 9171.7243037788885
338 9171.7243037788885
339 9171.7243037788885
340 9171.7243037788885
341 9171.7243037788885
342 9162.0365552277144
343 9162.0365552277144
344 9162.0365552277144
345 9162.0365552277144
346 9162.0365552277144
347 9162.0365552277144
348 9162.0365552277144
349 9220.9846080068946
350 9220.9846080068946
351 9214.5462877562386
352 9214.5462877562386
353 9214.5462877562386
354 9214.5462877562386
355 9226.4295652265391
356 9226.4295652265391
357 9226.4295652265391
358 9209.3300600584316
359 9130.2773707596589
360 9130.2773707596589
361 9130.2773707596589
362 9130.2773707596589
363 9130.2773707596589
364 9130.2773707596589
365 9204.8910299830586
366 9077.9560639321280
367 9077.9560639321280
368 9167.4986031876397
369 9167.4986031876397
370 9167.4986031876397
371 9167.4986031876397
372 9141.3721321846569
373 9141.3721321846569
374 9129.8670207386494
375 9129.8670207386494
376 9129.8670207386494
377 9129.8670207386494
378 9129.8670207386494
379 9129.8670207386494
380 9129.8670207386494
381 9097.9552594365359
382 9097.9552594365359
383 9097.9552594365359
384 9097.9552594365359
385 9097.9552594365359
386 9097.9552594365359
387 9097.9552594365359
388 9097.9552594365359
389 9097.9552594365359
390 9097.9552594365359
391 9097.9552594365359
392 9114.5100717664664
393 9114.5100717664664
394 9114.5100717664664
395 9090.2599453909152
396 9112.6681259779161
397 9112.6681259779161
398 9112.6681259779161
399 9197.7853380874694
400 9197.7853380874694
401 9197.7853380874694
402 9197.7853380874694
403 9093.4838468329417
404 9112.8264468565994
405 9112.8264468565994
406 9112.8264468565994
407 9112.8264468565994
408 9112.8264468565994
409 9112.8264468565994
410 9112.8264468565994
411 9112.8264468565994
412 9112.8264468565994
413 9112.8264468565994
414 9112.8264468565994
415 9112.8264468565994
416 9112.8264468565994
417 9112.8264468565994
418 9126.0656746396544
419 9126.0656746396544
420 9126.0656746396544
421 9064.8298263536217
422 9064.8298263536217
423 9028.8242516262035
424 9191.0970973801741
425 9191.0970973801741
426 9127.9222761718647
427 9127.9222761718647
428 9127.9222761718647
429 9127.9222761718647
430 9114.9831501992721
431 9114.9831501992721
432 9114.9831501992721
433 9114.9831501992721
434 9145.2475550670570
435 9156.1040960939681
436 9156.1040960939681
437 9153.1455430304923
438 9170.4318199511090
439 9141.4878956236407
440 9141.4878956236407
441 9141.4878956236407
442 9141.4878956236407
443 9141.4878956236407
444 9141.4878956236407
445 9141.4878956236407
446 9141.4878956236407
447 9094.3177354700256
448 9165.1341370689333
449 9165.1341370689333
450 9165.1341370689333
451 9165.1341370689333
452 9165.1341370689333
453 9177.2285905065783
454 9177.2285905065783
455 9177.2285905065783
456 9177.2285905065783
457 9152.9538863000435
458 9058.4908023367861
459 9119.6222361380496
460 9119.6222361380496
461 9119.6222361380496
462 9122.4244967844006
463 9173.2315023094125
464 9173.2315023094125
465 9173.2315023094125
466 9173.2315023094125
467 9179.8973531097126
468 9106.4518559802182
469 9086.8007686594501
470 9086.8007686594501
471 9086.8007686594501
472 9086.8007686594501
473 9086.8007686594501
474 9075.5701129971712
475 9195.4936792768640
476 9195.4936792768640
477 9258.7727879643226
478 9258.7727879643226
479 9258.7727879643226
480 9258.7727879643226
481 9258.7727879643226
482 9258.7727879643226
483 9258.7727879643226
484 9065.3401786111481
485 9112.6211076835098
486 9194.0596890954876
487 9194.0596890954876
488 9194.0596890954876
489 9126.1502628943272
490 9119.7079224882018
491 9119.7079224882018
492 9119.7079224882018
493 9119.7079224882018
494 9119.7079224882018
495 9119.7079224882018
496 9119.7079224882018
497 9187.4306710663350
498 9187.4306710663350
499 9150.6661405494579
500 9150.6661405494579
501 9150.6661405494579
502 9150.6661405494579
503 9150.6661405494579
504 9150.6661405494579
505 9150.6661405494579
506 9182.3894703431761
507 9182.3894703431761
508 9182.3894703431761
509 9182.3894703431761
510 9182.3894703431761
511 9182.3894703431761
512 9182.3894703431761
513 9182.3894703431761
514 9159.8380814460361
515 9159.8380814460361
516 9159.8380814460361
517 9159.8380814460361
518 9159.8380814460361
519 9159.8380814460361
520 9159.8380814460361
521 9159.8380814460361
522 9159.8380814460361
523 9136.2705736771586
524 9134.0787317216273
525 9134.0787317216273
526 9134.0787317216273
527 9134.0787317216273
528 9134.0787317216273
529 9134.0787317216273
530 9134.0787317216273
531 9134.0787317216273
532 9134.0787317216273
533 9134.0787317216273
534 9134.0787317216273
535 9134.0787317216273
536 9134.0787317216273
537 9193.5699796772697
538 9193.5699796772697
539 9193.5699796772697
540 9193.5699796772697
541 9193.5699796772697
542 9193.5699796772697
543 9193.5699796772697
544 9193.5699796772697
545 9193.5699796772697
546 9172.7349882466642
547 9172.7349882466642
548 9172.7349882466642
549 9172.7349882466642
550 9172.7349882466642
551 9145.0249038196926
552 9145.0249038196926
553 9145.0249038196926
554 9145.0249038196926
555 9145.0249038196926
556 9196.8388088779375
557 9196.8388088779375
558 9196.8388088779375
559 9122.5177457587779
560 9122.5177457587779
561 9122.5177457587779
562 9126.5744806962757
563 9126.5744806962757
564 9109.9874440817894
565 9109.9874440817894
566 9186.0146515816232
567 9186.0146515816232
568 9174.4424610857477
569 9212.3397770224055
570 9212.3397770224055
571 9212.3397770224055
572 9212.2557159563748
573 9212.2557159563748
574 9139.9728623642750
575 9139.9728623642750
576 9139.9728623642750
577 9139.9728623642750
578 9172.3060990203721
579 9172.3060990203721
580 9172.3060990203721
581 9093.4194639427824
582 9093.4194639427824
583 9093.4194639427824
584 9093.4194639427824
585 9093.4194639427824
586 9093.4194639427824
587 9202.9837460317049
588 9202.9837460317049
589 9092.4162261893180
590 9092.4162261893180
591 9053.3919661220316
592 9053.3919661220316
593 9053.3919661220316
594 9053.3919661220316
595 9072.4795622409511
596 9072.4795622409511
597 9086.0897067419792
598 9086.0897067419792
599 9086.0897067419792
600 9086.0897067419792
601 9086.0897067419792
602 9086.0897067419792
603 9086.0897067419792
604 9086.0897067419792
605 9046.8541471738972
606 9046.8541471738972
607 9046.8541471738972
608 9046.8541471738972
609 9035.5043302310332
610 9118.1919906358398
611 9118.1919906358398
612 9118.1919906358398
613 9136.9847702610386
614 9176.0394476211040
615 9176.0394476211040
616 9176.0394476211040
617 9165.8477791094210
618 9112.1396627825507
619 9099.9031954018228
620 9171.8256829238908
621 9054.3871903955041
622 9054.3871903955041
623 9054.3871903955041
624 9164.8676059740283
625 9160.9283697767241
626 9160.9283697767241
627 9160.9283697767241
628 9119.6587234710569
629 9119.6587234710569
630 9119.6587234710569
631 9119.6587234710569
632 9119.6587234710569
633 9119.6587234710569
634 9140.3391775804248
635 9140.3391775804248
636 9140.3391775804248
637 9149.5331615147443
638 9149.5331615147443
639 9149.5331615147443
640 9149.5331615147443
641 9149.5331615147443
642 9149.5331615147443
643 9149.5331615147443
644 9149.5331615147443
645 9149.5331615147443
646 9149.5331615147443
647 9149.5331615147443
648 9149.5331615147443
649 9149.5331615147443
650 9132.3454253233140
651 9132.3454253233140
652 9132.3454253233140
653 9132.3454253233140
654 9132.3454253233140
655 9132.3454253233140
656 9132.3454253233140
657 9132.3454253233140
658 9132.3454253233140
659 9132.3454253233140
660 9132.3454253233140
661 9132.3454253233140
662 9132.3454253233140
663 9132.3454253233140
664 9132.3454253233140
665 9132.3454253233140
666 9132.3454253233140
667 9132.3454253233140
668 9132.3454253233140
669 9132.3454253233140
670 9132.3454253233140
671 9132.3454253233140
672 9132.3454253233140
673 9132.3454253233140
674 9132.3454253233140
675 9132.3454253233140
676 9132.3454253233140
677 9132.3454253233140
678 9111.5829214848491
679 9111.5829214848491
680 9209.2072704755774
681 9209.2072704755774
682 9209.2072704755774
683 9209.2072704755774
684 9138.0429261633817
685 9138.0429261633817
686 9138.0429261633817
687 9137.5044869070753
688 9137.5044869070753
689 9137.5044869070753
690 9137.5044869070753
691 9082.6767311080675
692 9082.6767311080675
693 9082.6767311080675
694 9082.6767311080675
695 9082.6767311080675
696 9082.6767311080675
697 9082.6767311080675
698 9082.6767311080675
699 9082.6767311080675
700 9082.6767311080675
701 9186.3021581569919
702 9152.3627135810384
703 9152.3627135810384
704 9152.3627135810384
705 9145.6593895349706
706 9075.5397903123521
707 9075.5397903123521
708 9075.5397903123521
709 9224.4532253092129
710 9224.4532253092129
711 9224.4532253092129
712 9224.4532253092129
713 9224.4532253092129
714 9224.4532253092129
715 9224.4532253092129
716 9181.0221980310434
717 9181.0221980310434
718 9181.0221980310434
719 9181.0221980310434
720 9181.0221980310434
721 9181.0221980310434
722 9181.0221980310434
723 9181.0221980310434
724 9181.0221980310434
725 9181.0221980310434
726 9181.0221980310434
727 9181.0221980310434
728 9181.0221980310434
729 9181.0221980310434
730 9181.0221980310434
731 9181.0221980310434
732 9181.0221980310434
733 9181.0221980310434
734 9181.0221980310434
735 9181.0221980310434
736 9181.0221980310434
737 9181.0221980310434
738 9181.0221980310434
739 9181.0221980310434
740 9223.8167203578651
741 9223.8167203578651
742 9223.8167203578651
743 9223.8167203578651
744 9223.8167203578651
745 9223.8167203578651
746 9223.8167203578651
747 9150.9409229275843
748 9150.9409229275843
749 9150.9409229275843
750 9150.9409229275843
751 9145.3837845562393
752 9145.3837845562393
753 9145.3837845562393
754 9145.3837845562393
755 9145.3837845562393
756 9145.3837845562393
757 9145.3837845562393
758 9212.3686376711030
759 9212.3686376711030
760 9212.3686376711030
761 9212.3686376711030
762 9212.3686376711030
763 9212.3686376711030
764 9212.3686376711030
765 9212.3686376711030
766 9212.3686376711030
767 9212.3686376711030
768 9212.3686376711030
769 9169.3548373075519
770 9135.1121957760333
771 9135.1121957760333
772 9135.1121957760333
773 9135.1121957760333
774 9098.8212763424272
775 9098.8212763424272
776 9098.8212763424272
777 9098.8212763424272
778 9098.8212763424272
779 9098.8212763424272
780 9098.8212763424272
781 9170.8388521874876
782 9170.8388521874876
783 9170.8388521874876
784 9170.8388521874876
785 9106.7200427591451
786 9106.7200427591451
787 9106.7200427591451
788 9106.7200427591451
789 9106.7200427591451
790 9106.7200427591451
791 9106.7200427591451
792 9106.7200427591451
793 9106.7200427591451
794 9129.4434089934675
795 9105.2404607861317
796 9105.2404607861317
797 9105.2404607861317
798 9105.2404607861317
799 9093.4470414552743
800 9093.4470414552743
801 9093.4470414552743
802 9178.9867058599066
803 9178.9867058599066
804 9178.9867058599066
805 9122.8101163862175
806 9122.8101163862175
807 9122.8101163862175
808 9122.8101163862175
809 9122.8101163862175
810 9101.5023587413762
811 9101.5023587413762
812 9111.2252042314394
813 9111.2252042314394
814 9111.2252042314394
815 9111.2252042314394
816 9111.2252042314394
817 9144.0128823646937
818 9144.0128823646937
819 9144.0128823646937
820 9144.0128823646937
821 9060.7605908508249
822 9060.7605908508249
823 9060.7605908508249
824 9060.7605908508249
825 9060.7605908508249
826 9137.8288897777493
827 9137.8288897777493
828 9137.8288897777493
829 9137.8288897777493
830 9137.8288897777493
831 9137.8288897777493
832 9137.8288897777493
833 9086.1722266174675
834 9086.1722266174675
835 9176.6749364964016
836 9176.6749364964016
837 9176.6749364964016
838 9176.6749364964016
839 9176.6749364964016
840 9176.6749364964016
841 9058.1426444741410
842 9058.1426444741410
843 9058.1426444741410
844 9163.1541158677373
845 9163.1541158677373
846 9163.1541158677373
847 9163.1541158677373
848 9163.1541158677373
849 9176.3739479632095
850 9176.3739479632095
851 9178.4664844153904
852 9178.4664844153904
853 9172.5888136438043
854 9172.5888136438043
855 9172.5888136438043
856 9172.5888136438043
857 9172.5888136438043
858 9195.4977817623658
859 9121.2217903471119
860 9121.2217903471119
861 9121.2217903471119
862 9121.2217903471119
863 9121.2217903471119
864 9121.2217903471119
865 9195.2037721950528
866 9195.2037721950528
867 9195.2037721950528
868 9195.2037721950528
869 9195.2037721950528
870 9195.2037721950528
871 9195.2037721950528
872 9134.0327380938033
873 9134.0327380938033
874 9134.0327380938033
875 9134.0327380938033
876 9134.0327380938033
877 9134.0327380938033
878 9134.0327380938033
879 9134.0327380938033
880 9134.0327380938033
881 9134.0327380938033
882 9134.0327380938033
883 9113.5158574986781
884 9113.5158574986781
885 9113.5158574986781
886 9113.5158574986781
887 9113.5158574986781
888 9113.5158574986781
889 9113.5158574986781
890 9113.5158574986781
891 9113.5158574986781
892 9113.5158574986781
893 9091.6341931099887
894 9164.0809636750437
895 9120.5753005529314
896 9120.5753005529314
897 9120.5753005529314
898 9120.5753005529314
899 9205.3246279404357
900 9205.3246279404357
901 9205.3246279404357
902 9205.3246279404357
903 9124.5002847837804
904 9124.5002847837804
905 9124.5002847837804
906 9124.5002847837804
907 9124.5002847837804
908 9124.5002847837804
909 9124.5002847837804
910 9124.5002847837804
911 9124.5002847837804
912 9212.3276364683152
913 9212.3276364683152
914 9212.3276364683152
915 9212.3276364683152
916 9089.2900089431223
917 9114.0460383740319
918 9114.0460383740319
919 9114.0460383740319
920 9114.0460383740319
921 9114.0460383740319
922 9121.1621774351115
923 9171.8494472825823
924 9171.8494472825823
925 9171.8494472825823
926 9112.5506173594058
927 9244.4422507250401
928 9244.4422507250401
929 9142.6718415700616
930 9142.6718415700616
931 9142.6718415700616
932 9142.6718415700616
933 9142.6718415700616
934 9142.6718415700616
935 9142.6718415700616
936 9142.6718415700616
937 9142.6718415700616
938 9142.6718415700616
939 9142.6718415700616
940 9142.6718415700616
941 9142.6718415700616
942 9142.6718415700616
943 9142.6718415700616
944 9142.6718415700616
945 9142.6718415700616
946 9142.6718415700616
947 9142.6718415700616
948 9142.6718415700616
949 9142.6718415700616
950 9142.6718415700616
951 9142.6718415700616
952 9142.6718415700616
953 9142.6718415700616
954 9142.6718415700616
955 9142.6718415700616
956 9142.6718415700616
957 9142.6718415700616
958 9142.6718415700616
959 9142.6718415700616
960 9142.6718415700616
961 9142.6718415700616
962 9142.6718415700616
963 9106.4078984950338
964 9106.4078984950338
965 9106.4078984950338
966 9147.3124577840354
967 9147.3124577840354
968 9147.3124577840354
969 9147.3124577840354
970 9102.3829957564703
971 9102.3829957564703
972 9102.3829957564703
973 9196.4051419607204
974 9196.4051419607204
975 9184.9270110119287
976 9184.9270110119287
977 9184.9270110119287
978 9184.9270110119287
979 9158.7361149819499
980 9158.7361149819499
981 9181.7221284114639
982 9181.7221284114639
983 9181.7221284114639
984 9181.7221284114639
985 9122.8518610794345
986 9122.8518610794345
987 9122.8518610794345
988 9122.8518610794345
989 9122.8518610794345
990 9122.8518610794345
991 9122.8518610794345
992 9122.8518610794345
993 9122.8518610794345
994 9122.8518610794345
995 9122.8518610794345
996 9122.8518610794345
997 9122.8518610794345
998 9122.8518610794345
999 9122.8518610794345
1000 9122.8518610794345
